0,3,4,
0,3,2,
0,4,1,
3,4,7,
3,2,6,
4,1,5,
3,7,6,
4,7,8,
2,6,9,
4,5,8,
7,6,11,
7,8,12,
6,9,10,
7,11,12,
6,11,10,
9,10,13,
11,12,14,
11,10,14,
21,22,27,
10,13,14,
12,14,15,
21,27,31,
22,27,28,
13,16,17,
13,14,17,
14,15,17,
15,18,17,
22,19,23,
16,19,20,
27,31,32,
22,28,23,
27,28,33,
16,17,20,
90,89,101,
18,25,20,
18,17,20,
31,36,37,
161,176,177,
161,138,162,
19,23,20,
27,32,33,
31,32,37,
28,23,24,
28,33,34,
92,91,105,
92,106,105,
90,101,102,
89,101,100,
103,102,116,
25,30,29,
25,20,24,
36,41,42,
36,37,42,
516,494,517,
161,177,162,
176,177,191,
138,121,139,
138,162,150,
23,20,24,
32,33,38,
32,37,38,
28,24,29,
28,34,29,
33,34,39,
91,105,104,
106,105,120,
40,35,39,
101,102,115,
101,100,114,
103,117,116,
102,116,115,
30,35,34,
25,29,24,
30,29,34,
41,45,46,
41,42,46,
37,42,43,
516,517,540,
494,517,518,
176,190,191,
177,162,178,
177,191,192,
121,107,122,
138,139,150,
121,139,122,
162,150,163,
33,38,39,
37,38,43,
34,39,35,
105,104,119,
105,120,119,
40,39,44,
101,115,114,
100,112,113,
100,114,113,
117,116,134,
117,104,118,
116,115,133,
45,49,50,
45,46,50,
42,46,47,
42,43,47,
516,540,539,
517,540,541,
494,518,495,
517,518,541,
190,191,207,
190,206,207,
177,178,192,
162,178,163,
191,192,208,
107,95,108,
107,122,108,
139,150,151,
139,122,140,
150,163,164,
38,39,44,
38,43,44,
104,119,118,
120,119,137,
112,128,129,
83,77,82,
115,114,132,
112,113,130,
114,113,131,
117,134,135,
116,134,133,
117,118,135,
115,133,132,
49,53,54,
49,50,54,
46,50,51,
46,47,51,
43,47,48,
540,539,563,
540,541,564,
494,495,473,
518,495,519,
518,541,542,
191,207,208,
206,207,224,
178,192,193,
178,163,179,
192,208,209,
95,78,85,
95,108,96,
122,108,123,
139,151,140,
150,151,164,
122,140,123,
163,164,179,
43,44,48,
119,118,136,
119,137,136,
112,129,130,
128,129,144,
52,48,47,
52,55,51,
83,82,88,
77,82,76,
62,65,61,
114,132,131,
113,130,131,
134,135,149,
134,133,149,
118,135,136,
133,132,148,
53,56,57,
53,54,57,
50,54,55,
50,51,55,
47,51,52,
539,562,563,
540,563,564,
541,564,565,
495,473,496,
518,519,542,
495,519,496,
541,542,565,
207,208,225,
206,223,224,
207,224,225,
178,193,179,
192,193,209,
208,209,226,
78,70,74,
95,85,96,
78,85,79,
108,96,109,
108,123,109,
151,140,152,
151,164,165,
140,123,141,
164,179,180,
128,143,144,
129,130,145,
129,144,145,
62,58,61,
55,58,54,
82,88,81,
77,76,73,
82,76,81,
65,61,64,
65,69,64,
132,131,147,
130,131,146,
133,149,148,
132,148,147,
56,59,60,
56,57,60,
54,57,58,
562,563,586,
563,564,587,
564,565,588,
473,496,474,
519,542,543,
519,496,520,
542,565,566,
208,225,226,
223,224,241,
223,240,241,
224,225,242,
193,179,194,
193,209,210,
209,226,227,
70,66,71,
78,74,79,
70,74,71,
85,96,97,
85,79,86,
96,109,97,
123,109,124,
151,152,165,
140,152,141,
164,165,180,
123,141,124,
179,180,194,
126,154,142,
143,144,156,
143,155,156,
130,145,146,
144,145,157,
58,61,57,
88,99,87,
88,81,87,
76,73,72,
76,81,75,
61,64,60,
69,73,68,
69,64,68,
131,147,146,
149,148,160,
148,147,160,
59,66,63,
59,60,63,
57,60,61,
563,586,587,
564,587,588,
565,588,589,
496,474,497,
519,543,520,
542,543,566,
496,520,497,
565,566,589,
225,226,243,
224,241,242,
240,257,258,
240,241,258,
225,242,243,
193,194,210,
209,210,227,
226,227,244,
66,71,67,
74,79,80,
74,71,75,
85,97,86,
79,86,80,
109,97,110,
109,124,110,
152,165,166,
152,141,153,
165,180,181,
141,124,142,
180,194,195,
189,205,188,
189,175,174,
126,111,125,
99,111,98,
154,168,167,
126,142,125,
154,142,153,
144,156,157,
155,156,170,
145,146,158,
145,157,158,
99,87,98,
81,87,80,
76,72,75,
73,72,68,
81,75,80,
64,60,63,
64,68,63,
147,146,159,
175,160,174,
147,160,159,
66,63,67,
586,608,587,
587,588,609,
588,589,609,
474,497,475,
543,520,544,
543,566,567,
520,497,521,
566,589,590,
226,243,244,
241,242,259,
257,274,275,
257,258,275,
241,258,259,
242,243,260,
194,210,211,
210,227,228,
227,244,245,
71,67,72,
74,80,75,
71,75,72,
97,86,98,
86,80,87,
97,110,98,
124,110,125,
152,166,153,
165,166,181,
141,153,142,
180,181,195,
124,142,125,
194,195,211,
205,222,204,
189,188,174,
205,188,204,
111,125,110,
111,98,110,
154,167,153,
168,167,183,
156,157,171,
155,170,169,
156,170,171,
146,158,159,
157,158,172,
87,98,86,
72,68,67,
68,63,67,
160,174,159,
608,587,609,
291,274,292,
497,475,498,
543,544,567,
520,544,521,
566,567,590,
497,521,498,
243,244,261,
242,259,260,
274,275,292,
258,275,276,
258,259,276,
243,260,261,
210,211,228,
227,228,245,
244,245,262,
166,153,167,
166,181,182,
181,195,196,
195,211,212,
222,239,221,
222,204,221,
188,174,173,
188,204,187,
167,183,182,
157,171,172,
198,183,197,
170,169,184,
170,171,185,
158,159,173,
158,172,173,
174,159,173,
291,292,308,
475,498,476,
544,567,568,
544,521,545,
567,590,591,
521,498,522,
244,261,262,
259,260,277,
275,292,293,
275,276,293,
259,276,277,
260,261,278,
211,228,229,
228,245,246,
245,262,263,
166,167,182,
181,182,196,
195,196,212,
211,212,229,
239,256,238,
239,221,238,
204,221,203,
188,173,187,
204,187,203,
183,182,197,
171,172,186,
198,215,214,
198,197,214,
170,184,185,
169,184,199,
171,185,186,
172,173,187,
782,768,783,
738,768,754,
706,722,723,
291,308,324,
292,308,309,
475,455,476,
356,340,357,
404,372,388,
356,372,373,
498,476,499,
544,568,545,
567,568,591,
521,545,522,
498,522,499,
706,690,707,
261,262,279,
260,277,278,
292,293,309,
276,293,294,
276,277,294,
261,278,279,
228,229,246,
245,246,263,
262,263,280,
182,196,197,
196,212,213,
212,229,230,
256,273,255,
256,238,255,
221,238,220,
221,203,220,
187,203,186,
172,186,187,
215,214,232,
215,199,216,
197,214,213,
184,185,201,
184,199,200,
185,186,202,
933,921,934,
782,806,795,
817,806,818,
884,872,885,
738,722,739,
782,783,795,
768,783,769,
738,754,739,
768,754,769,
706,723,707,
722,723,739,
308,324,325,
308,309,325,
404,421,422,
455,421,438,
455,476,477,
340,324,341,
356,357,373,
340,357,341,
404,388,405,
372,388,389,
372,373,389,
476,499,477,
568,545,569,
568,591,592,
545,522,546,
522,499,523,
690,674,691,
690,707,691,
262,279,280,
277,278,295,
293,309,310,
293,294,310,
277,294,295,
278,279,296,
229,246,247,
246,263,264,
263,280,281,
196,197,213,
212,213,230,
229,230,247,
273,290,272,
273,255,272,
238,255,237,
238,220,237,
203,220,202,
203,186,202,
215,232,233,
214,232,231,
215,216,233,
199,216,217,
214,213,231,
184,201,200,
185,201,202,
199,200,217,
978,967,979,
884,909,897,
921,909,922,
933,934,945,
921,934,922,
806,795,807,
817,818,828,
806,818,807,
884,885,897,
872,885,873,
872,860,873,
783,795,796,
783,769,784,
754,739,755,
754,769,755,
723,707,724,
723,739,740,
324,325,341,
309,325,326,
404,422,405,
421,422,439,
455,438,456,
421,438,439,
455,477,456,
357,373,374,
357,341,358,
388,405,406,
388,389,406,
373,389,390,
499,477,500,
568,569,592,
545,569,546,
591,592,610,
522,546,523,
658,674,675,
591,642,626,
658,642,659,
499,523,500,
674,691,675,
707,691,708,
279,280,297,
278,295,296,
309,310,326,
294,310,311,
294,295,311,
279,296,297,
246,247,264,
263,264,281,
280,281,298,
213,230,231,
230,247,248,
290,307,289,
290,272,289,
255,272,254,
255,237,254,
220,237,219,
220,202,219,
232,233,250,
232,231,249,
216,233,234,
216,217,234,
201,200,218,
201,202,219,
200,217,218,
978,999,989,
933,956,945,
967,956,968,
978,979,989,
967,979,968,
909,897,910,
909,922,910,
934,945,946,
934,922,935,
795,807,796,
817,828,838,
818,828,829,
818,807,819,
885,897,898,
885,873,886,
860,849,861,
860,873,861,
783,796,784,
769,784,770,
739,755,740,
769,755,770,
723,724,740,
707,724,708,
325,341,342,
325,326,342,
422,405,423,
422,439,440,
438,456,457,
438,439,457,
477,456,478,
357,374,358,
373,374,390,
341,358,342,
405,406,423,
389,406,407,
389,390,407,
477,500,478,
569,592,593,
569,546,570,
591,610,626,
592,610,611,
546,523,547,
658,675,659,
642,626,643,
642,659,643,
523,500,524,
691,675,692,
691,708,692,
280,297,298,
295,296,312,
310,326,327,
310,311,327,
295,311,312,
296,297,313,
247,264,265,
264,281,282,
281,298,299,
230,231,248,
247,248,265,
307,323,306,
307,289,306,
272,289,271,
272,254,271,
237,254,236,
237,219,236,
232,250,249,
233,250,251,
231,249,248,
233,234,251,
217,234,235,
201,218,219,
217,218,235,
999,989,1000,
956,945,957,
956,968,957,
979,989,990,
979,968,980,
897,910,898,
922,910,923,
934,946,935,
945,946,957,
922,935,923,
807,796,808,
828,838,839,
818,829,819,
828,829,839,
807,819,808,
885,898,886,
873,886,874,
849,838,850,
849,861,850,
873,861,874,
796,784,797,
784,770,785,
755,740,756,
755,770,756,
724,740,741,
724,708,725,
326,342,343,
422,423,440,
439,440,458,
456,457,478,
439,457,458,
374,358,375,
374,390,391,
358,342,359,
406,423,424,
406,407,424,
390,407,408,
500,478,501,
569,593,570,
592,593,611,
546,570,547,
610,626,627,
610,611,627,
523,547,524,
675,659,676,
626,643,627,
659,643,660,
500,524,501,
675,692,676,
708,692,709,
297,298,314,
296,312,313,
326,327,343,
311,327,328,
311,312,328,
297,313,314,
264,265,282,
281,282,299,
298,299,315,
248,265,266,
323,339,322,
323,306,322,
289,306,288,
289,271,288,
254,271,253,
254,236,253,
219,236,218,
250,249,267,
250,251,268,
249,248,266,
234,251,252,
234,235,252,
218,235,236,
999,1000,1009,
989,1000,990,
1077,1083,1078,
999,1018,1009,
968,957,969,
979,990,980,
968,980,969,
910,898,911,
910,923,911,
946,935,947,
946,957,958,
935,923,936,
796,808,797,
838,839,850,
829,819,830,
829,839,840,
819,808,820,
898,886,899,
886,874,887,
861,850,862,
861,874,862,
784,797,785,
770,785,771,
740,756,741,
770,756,771,
724,741,725,
708,725,709,
342,343,359,
423,440,441,
440,458,459,
457,478,479,
457,458,479,
374,375,391,
358,375,359,
390,391,408,
423,424,441,
407,424,425,
407,408,425,
478,501,479,
593,570,594,
593,611,612,
570,547,571,
611,627,628,
547,524,548,
659,676,660,
643,627,644,
643,660,644,
524,501,525,
692,676,693,
692,709,693,
298,314,315,
312,313,329,
327,343,344,
327,328,344,
312,328,329,
313,314,330,
265,282,283,
282,299,300,
299,315,316,
265,266,283,
339,355,338,
339,322,338,
306,322,305,
306,288,305,
271,288,270,
271,253,270,
236,253,235,
250,267,268,
249,267,266,
251,268,269,
251,252,269,
235,252,253,
1000,1009,1010,
1000,990,1001,
1083,1086,1084,
1077,1078,1072,
1083,1078,1084,
1018,1009,1019,
957,969,958,
990,980,991,
980,969,981,
898,911,899,
923,911,924,
946,947,958,
935,947,936,
923,936,924,
808,797,809,
839,850,851,
829,830,840,
819,830,820,
839,840,851,
808,820,809,
886,899,887,
874,887,875,
850,862,851,
874,862,875,
797,785,798,
785,771,786,
756,741,757,
756,771,757,
741,725,742,
725,709,726,
343,359,360,
440,441,459,
458,459,480,
458,479,480,
375,391,392,
375,359,376,
391,408,409,
424,441,442,
424,425,442,
408,425,426,
501,479,502,
593,594,612,
570,594,571,
611,612,628,
547,571,548,
627,628,644,
524,548,525,
676,660,677,
660,644,661,
501,525,502,
676,693,677,
709,693,710,
314,315,331,
313,329,330,
343,344,360,
328,344,345,
328,329,345,
314,330,331,
282,283,300,
299,300,316,
315,316,332,
266,283,284,
355,371,354,
355,338,354,
322,338,321,
322,305,321,
288,305,287,
288,270,287,
253,270,252,
267,268,285,
267,266,284,
268,269,286,
252,269,270,
1000,1010,1001,
1009,1010,1019,
990,1001,991,
1086,1084,1087,
1078,1072,1073,
1078,1084,1079,
1018,1019,1027,
1072,1067,1073,
969,958,970,
980,991,981,
969,981,970,
911,899,912,
911,924,912,
947,958,959,
947,936,948,
936,924,937,
797,809,798,
830,840,841,
830,820,831,
840,851,852,
820,809,821,
899,887,900,
887,875,888,
862,851,863,
862,875,863,
785,798,786,
771,786,772,
741,757,742,
771,757,772,
725,742,726,
709,726,710,
359,360,376,
441,459,460,
459,480,481,
479,480,502,
375,392,376,
391,392,409,
408,409,426,
441,442,460,
425,442,443,
425,426,443,
594,612,613,
594,571,595,
612,628,629,
571,548,572,
628,644,645,
548,525,549,
660,677,661,
644,661,645,
525,502,526,
693,677,694,
693,710,694,
315,331,332,
329,330,346,
344,360,361,
344,345,361,
329,345,346,
330,331,347,
283,300,301,
300,316,317,
316,332,333,
283,284,301,
371,387,370,
371,354,370,
338,354,337,
338,321,337,
305,321,304,
305,287,304,
270,287,269,
267,285,284,
268,285,286,
269,286,287,
1010,1001,1011,
1010,1019,1020,
1001,991,1002,
1084,1087,1085,
1078,1073,1079,
1084,1079,1085,
1018,1027,1035,
1019,1027,1028,
1067,1073,1068,
958,970,959,
991,981,992,
981,970,982,
899,912,900,
924,912,925,
947,959,948,
936,948,937,
924,937,925,
809,798,810,
830,841,831,
840,841,852,
820,831,821,
851,852,863,
809,821,810,
887,900,888,
875,888,876,
875,863,876,
798,786,799,
786,772,787,
757,742,758,
757,772,758,
742,726,743,
726,710,727,
360,376,377,
459,460,481,
480,481,503,
480,502,503,
392,376,393,
392,409,410,
409,426,427,
442,460,461,
442,443,461,
426,443,444,
594,613,595,
612,613,629,
571,595,572,
628,629,645,
548,572,549,
525,549,526,
677,661,678,
661,645,662,
502,526,503,
677,694,678,
710,694,711,
331,332,348,
330,346,347,
360,361,377,
345,361,362,
345,346,362,
331,347,348,
300,301,317,
316,317,333,
332,333,349,
284,301,302,
387,403,386,
387,370,386,
354,370,353,
354,337,353,
321,337,320,
321,304,320,
287,304,286,
285,284,302,
285,286,303,
1010,1011,1020,
1001,1011,1002,
1019,1020,1028,
991,1002,992,
1073,1079,1074,
1079,1085,1080,
1027,1035,1036,
1027,1028,1036,
1067,1061,1068,
1073,1068,1074,
970,959,971,
981,992,982,
970,982,971,
912,900,913,
912,925,913,
959,948,960,
948,937,949,
937,925,938,
798,810,799,
841,831,842,
841,852,853,
831,821,832,
852,863,864,
821,810,822,
900,888,901,
888,876,889,
863,876,864,
786,799,787,
772,787,773,
742,758,743,
772,758,773,
726,743,727,
710,727,711,
376,377,393,
460,481,482,
481,503,504,
392,393,410,
409,410,427,
426,427,444,
460,461,482,
443,461,462,
443,444,462,
613,595,614,
613,629,630,
595,572,596,
629,645,646,
572,549,573,
549,526,550,
661,678,662,
645,662,646,
526,503,527,
694,678,695,
694,711,695,
332,348,349,
346,347,363,
361,377,378,
361,362,378,
346,362,363,
347,348,364,
301,317,318,
317,333,334,
333,349,350,
301,302,318,
403,420,402,
403,386,402,
370,386,369,
370,353,369,
337,353,336,
337,320,336,
304,320,303,
304,286,303,
285,302,303,
1011,1020,1021,
1011,1002,1012,
1020,1028,1029,
1002,992,1003,
1085,1081,1080,
1079,1074,1080,
1035,1036,1043,
1028,1036,1037,
1061,1068,1062,
1061,1055,1062,
1068,1074,1069,
959,971,960,
992,982,993,
982,971,983,
900,913,901,
925,913,926,
948,960,949,
937,949,938,
925,938,926,
810,799,811,
841,842,853,
831,842,832,
852,853,864,
821,832,822,
810,822,811,
888,901,889,
876,889,877,
876,864,877,
799,787,800,
787,773,788,
758,743,759,
758,773,759,
743,727,744,
727,711,728,
377,393,394,
481,482,504,
503,504,527,
393,410,411,
410,427,428,
427,444,445,
461,482,483,
461,462,483,
444,462,463,
613,614,630,
595,614,596,
629,630,646,
572,596,573,
549,573,550,
526,550,527,
678,662,679,
662,646,663,
678,695,679,
711,695,712,
348,349,365,
347,363,364,
377,378,394,
362,378,379,
362,363,379,
348,364,365,
317,318,334,
333,334,350,
349,350,366,
302,318,319,
420,437,419,
420,402,419,
386,402,385,
386,369,385,
353,369,352,
353,336,352,
320,336,319,
320,303,319,
302,303,319,
1011,1021,1012,
1020,1021,1029,
1002,1012,1003,
1028,1029,1037,
992,1003,993,
1081,1080,1075,
1074,1080,1075,
1035,1043,1049,
1036,1043,1044,
1036,1037,1044,
1068,1062,1069,
1055,1049,1056,
1055,1062,1056,
1074,1069,1075,
971,960,972,
982,993,983,
971,983,972,
913,901,914,
913,926,914,
960,949,961,
949,938,950,
938,926,939,
799,811,800,
842,853,854,
842,832,843,
853,864,865,
832,822,833,
822,811,823,
901,889,902,
889,877,890,
864,877,865,
787,800,788,
773,788,774,
743,759,744,
773,759,774,
727,744,728,
711,728,712,
393,394,411,
482,504,505,
504,527,528,
410,411,428,
427,428,445,
444,445,463,
482,483,505,
462,483,484,
462,463,484,
614,630,631,
614,596,615,
630,646,647,
596,573,597,
573,550,574,
550,527,551,
662,679,663,
646,663,647,
695,679,696,
695,712,696,
349,365,366,
363,364,380,
378,394,395,
378,379,395,
363,379,380,
364,365,381,
318,334,335,
334,350,351,
350,366,367,
318,319,335,
437,419,436,
402,419,401,
402,385,401,
369,385,368,
369,352,368,
336,352,335,
336,319,335,
1021,1012,1022,
1021,1029,1030,
1012,1003,1013,
1029,1037,1038,
1003,993,1004,
1081,1075,1076,
1043,1049,1050,
1043,1044,1050,
1037,1044,1045,
1062,1069,1063,
1049,1056,1050,
1062,1056,1063,
1069,1075,1070,
960,972,961,
993,983,994,
983,972,984,
901,914,902,
926,914,927,
949,961,950,
938,950,939,
926,939,927,
811,800,812,
842,854,843,
853,854,865,
832,843,833,
822,833,823,
811,823,812,
889,902,890,
877,890,878,
877,865,878,
800,788,801,
788,774,789,
759,744,760,
759,774,760,
744,728,745,
728,712,729,
394,411,412,
504,505,528,
527,528,551,
411,428,429,
428,445,446,
445,463,464,
483,505,506,
483,484,506,
463,484,485,
614,631,615,
630,631,647,
596,615,597,
573,597,574,
550,574,551,
679,663,680,
663,647,664,
679,696,680,
712,696,713,
365,366,382,
364,380,381,
394,395,412,
379,395,396,
379,380,396,
365,381,382,
334,335,351,
350,351,367,
366,367,383,
437,436,454,
419,436,418,
419,401,418,
385,401,384,
385,368,384,
352,368,351,
352,335,351,
1021,1022,1030,
1012,1022,1013,
1029,1030,1038,
1003,1013,1004,
1037,1038,1045,
993,1004,994,
1075,1076,1070,
1044,1050,1051,
1044,1045,1051,
1069,1063,1070,
1056,1050,1057,
1056,1063,1057,
972,961,973,
983,994,984,
972,984,973,
914,902,915,
914,927,915,
961,950,962,
950,939,951,
939,927,940,
800,812,801,
854,843,855,
854,865,866,
843,833,844,
833,823,834,
823,812,824,
902,890,903,
890,878,891,
865,878,866,
788,801,789,
774,789,775,
744,760,745,
774,760,775,
728,745,729,
712,729,713,
411,412,429,
505,528,529,
528,551,552,
428,429,446,
445,446,464,
463,464,485,
505,506,529,
484,506,507,
484,485,507,
631,615,632,
631,647,648,
615,597,616,
597,574,598,
574,551,575,
663,680,664,
647,664,648,
696,680,697,
696,713,697,
366,382,383,
380,381,397,
395,412,413,
395,396,413,
380,396,397,
381,382,398,
351,367,368,
367,383,384,
436,454,453,
436,418,435,
401,418,400,
401,384,400,
368,384,367,
1022,1030,1031,
1022,1013,1023,
1030,1038,1039,
1013,1004,1014,
1038,1045,1046,
1004,994,1005,
1076,1070,1071,
1050,1051,1057,
1045,1051,1052,
1063,1070,1064,
1063,1057,1064,
961,973,962,
994,984,995,
984,973,985,
902,915,903,
927,915,928,
950,962,951,
939,951,940,
927,940,928,
812,801,813,
854,855,866,
843,855,844,
833,844,834,
823,834,824,
812,824,813,
890,903,891,
878,891,879,
878,866,879,
801,789,802,
789,775,790,
760,745,761,
760,775,761,
745,729,746,
729,713,730,
412,429,430,
528,529,552,
551,552,575,
429,446,447,
446,464,465,
464,485,486,
506,529,530,
506,507,530,
485,507,508,
631,632,648,
615,632,616,
597,616,598,
574,598,575,
680,664,681,
664,648,665,
680,697,681,
713,697,714,
382,383,399,
381,397,398,
412,413,430,
396,413,414,
396,397,414,
382,398,399,
383,384,400,
436,453,435,
454,453,472,
418,435,417,
418,400,417,
1022,1031,1023,
1030,1031,1039,
1013,1023,1014,
1038,1039,1046,
1004,1014,1005,
1045,1046,1052,
994,1005,995,
1066,1071,1065,
1070,1071,1064,
1051,1057,1058,
1051,1052,1058,
1057,1064,1058,
973,962,974,
984,995,985,
973,985,974,
915,903,916,
915,928,916,
962,951,963,
951,940,952,
940,928,941,
801,813,802,
855,866,867,
855,844,856,
844,834,845,
834,824,835,
824,813,825,
903,891,904,
891,879,892,
866,879,867,
789,802,790,
775,790,776,
745,761,746,
775,761,776,
729,746,730,
713,730,714,
429,430,447,
529,552,553,
552,575,576,
446,447,465,
464,465,486,
485,486,508,
529,530,553,
507,530,531,
507,508,531,
632,648,649,
632,616,633,
616,598,617,
598,575,599,
664,681,665,
648,665,649,
697,681,698,
697,714,698,
383,399,400,
397,398,415,
413,430,431,
413,414,431,
397,414,415,
398,399,416,
453,435,452,
453,472,471,
435,417,434,
400,417,399,
1031,1023,1032,
1031,1039,1040,
1023,1014,1024,
1039,1046,1047,
1014,1005,1015,
1046,1052,1053,
1005,995,1006,
1066,1065,1059,
1071,1065,1064,
1052,1058,1059,
1064,1058,1065,
962,974,963,
995,985,996,
985,974,986,
903,916,904,
928,916,929,
951,963,952,
940,952,941,
928,941,929,
813,802,814,
855,867,856,
844,856,845,
834,845,835,
824,835,825,
813,825,814,
891,904,892,
879,892,880,
879,867,880,
802,790,803,
790,776,791,
761,746,762,
761,776,762,
746,730,747,
730,714,731,
430,447,448,
552,553,576,
575,576,599,
447,465,466,
465,486,487,
486,508,509,
530,553,554,
530,531,554,
508,531,532,
632,649,633,
616,633,617,
598,617,599,
681,665,682,
665,649,666,
681,698,682,
714,698,715,
398,415,416,
430,431,448,
414,431,432,
414,415,432,
399,416,417,
453,452,471,
435,452,434,
472,471,493,
417,434,416,
1031,1032,1040,
1023,1032,1024,
1039,1040,1047,
1014,1024,1015,
1046,1047,1053,
1005,1015,1006,
1052,1053,1059,
995,1006,996,
1066,1059,1060,
1065,1059,1058,
974,963,975,
985,996,986,
974,986,975,
916,904,917,
916,929,917,
963,952,964,
952,941,953,
941,929,942,
802,814,803,
867,856,868,
856,845,857,
845,835,846,
835,825,836,
825,814,826,
904,892,905,
892,880,893,
867,880,868,
790,803,791,
776,791,777,
746,762,747,
776,762,777,
730,747,731,
714,731,715,
447,448,466,
553,576,577,
576,599,600,
465,466,487,
486,487,509,
508,509,532,
553,554,577,
531,554,555,
531,532,555,
649,633,650,
633,617,634,
617,599,618,
665,682,666,
649,666,650,
698,682,699,
698,715,699,
415,416,433,
431,448,449,
431,432,449,
415,432,433,
452,471,470,
452,434,451,
471,493,492,
434,416,433,
1032,1040,1041,
1032,1024,1033,
1040,1047,1048,
1024,1015,1025,
1047,1053,1054,
1015,1006,1016,
1053,1059,1060,
1006,996,1007,
963,975,964,
996,986,997,
986,975,987,
904,917,905,
929,917,930,
952,964,953,
941,953,942,
929,942,930,
814,803,815,
856,868,857,
845,857,846,
835,846,836,
825,836,826,
814,826,815,
892,905,893,
880,893,881,
880,868,881,
803,791,804,
791,777,792,
762,747,763,
762,777,763,
747,731,748,
731,715,732,
448,466,467,
576,577,600,
599,600,618,
466,487,488,
487,509,510,
509,532,533,
554,577,578,
554,555,578,
532,555,556,
633,650,634,
617,634,618,
682,666,683,
666,650,667,
682,699,683,
715,699,716,
448,449,467,
432,449,450,
432,433,450,
452,470,451,
471,470,492,
434,451,433,
493,492,515,
1032,1041,1033,
1040,1041,1048,
1024,1033,1025,
1047,1048,1054,
1015,1025,1016,
1053,1054,1060,
1006,1016,1007,
996,1007,997,
975,964,976,
986,997,987,
975,987,976,
917,905,918,
917,930,918,
964,953,965,
953,942,954,
942,930,943,
803,815,804,
868,857,869,
857,846,858,
846,836,847,
836,826,837,
826,815,827,
905,893,906,
893,881,894,
868,881,869,
791,804,792,
777,792,778,
747,763,748,
777,763,778,
731,748,732,
715,732,716,
466,467,488,
577,600,601,
600,618,619,
487,488,510,
509,510,533,
532,533,556,
577,578,601,
555,578,579,
555,556,579,
650,634,651,
634,618,635,
666,683,667,
650,667,651,
699,683,700,
699,716,700,
449,467,468,
449,450,468,
433,450,451,
470,451,469,
470,492,491,
492,515,514,
1041,1033,1042,
1041,1048,1042,
1033,1025,1034,
1025,1016,1026,
1016,1007,1017,
1007,997,1008,
964,976,965,
997,987,998,
987,976,988,
905,918,906,
930,918,931,
953,965,954,
942,954,943,
930,943,931,
815,804,816,
857,869,858,
846,858,847,
836,847,837,
826,837,827,
815,827,816,
893,906,894,
881,894,882,
881,869,882,
804,792,805,
792,778,793,
763,748,764,
763,778,764,
748,732,749,
732,716,733,
467,488,489,
600,601,619,
618,619,635,
488,510,511,
510,533,534,
533,556,557,
578,601,602,
578,579,602,
556,579,580,
634,651,635,
683,667,684,
667,651,668,
683,700,684,
716,700,717,
467,468,489,
450,468,469,
450,451,469,
470,469,491,
492,491,514,
515,514,538,
1033,1042,1034,
1025,1034,1026,
1016,1026,1017,
1007,1017,1008,
997,1008,998,
976,965,977,
987,998,988,
976,988,977,
918,906,919,
918,931,919,
965,954,966,
954,943,955,
943,931,944,
804,816,805,
869,858,870,
858,847,859,
847,837,848,
837,827,848,
906,894,907,
894,882,895,
869,882,870,
792,805,793,
778,793,779,
748,764,749,
778,764,779,
732,749,733,
716,733,717,
488,489,511,
601,619,620,
619,635,636,
510,511,534,
533,534,557,
556,557,580,
601,602,620,
579,602,603,
579,580,603,
651,635,652,
667,684,668,
651,668,652,
700,684,701,
700,717,701,
468,489,490,
468,469,490,
469,491,490,
491,514,513,
514,538,537,
965,977,966,
906,919,907,
931,919,932,
954,966,955,
943,955,944,
931,944,932,
858,870,859,
847,859,848,
894,907,895,
882,895,883,
882,870,883,
805,793,794,
793,779,794,
764,749,765,
764,779,765,
749,733,750,
733,717,734,
489,511,512,
619,620,636,
635,636,652,
511,534,535,
534,557,558,
557,580,581,
602,620,621,
602,603,621,
580,603,604,
684,668,685,
668,652,669,
684,701,685,
717,701,718,
489,490,512,
491,490,513,
514,513,537,
538,537,561,
919,907,920,
919,932,920,
870,859,871,
859,848,871,
907,895,908,
895,883,896,
870,883,871,
779,794,780,
749,765,750,
779,765,780,
733,750,734,
717,734,718,
511,512,535,
620,636,637,
636,652,653,
534,535,558,
557,558,581,
580,581,604,
620,621,637,
603,621,622,
603,604,622,
668,685,669,
652,669,653,
701,685,702,
701,718,702,
490,512,513,
513,537,536,
537,561,560,
607,584,583,
607,625,606,
625,641,624,
907,920,908,
794,781,780,
895,908,896,
883,896,871,
765,750,766,
765,780,766,
750,734,751,
734,718,735,
512,535,536,
636,637,653,
535,558,559,
558,581,582,
581,604,605,
621,637,638,
621,622,638,
604,622,623,
685,669,686,
669,653,670,
685,702,686,
718,702,719,
512,513,536,
537,536,560,
561,560,584,
607,583,606,
584,583,560,
625,606,624,
641,624,640,
641,657,640,
657,673,656,
781,780,766,
750,766,751,
734,751,735,
718,735,719,
535,536,559,
637,653,654,
558,559,582,
581,582,605,
604,605,623,
637,638,654,
622,638,639,
622,623,639,
669,686,670,
653,670,654,
702,686,703,
702,719,703,
536,560,559,
583,606,582,
583,560,559,
606,624,605,
624,640,623,
673,689,672,
657,640,656,
673,656,672,
781,766,767,
766,751,767,
751,735,752,
735,719,736,
559,582,583,
582,605,606,
605,623,624,
638,654,655,
638,639,655,
623,639,640,
686,670,687,
670,654,671,
686,703,687,
719,703,720,
689,672,688,
640,656,639,
656,672,655,
689,705,688,
751,767,752,
735,752,736,
719,736,720,
654,655,671,
639,655,656,
670,687,671,
703,687,704,
703,720,704,
672,688,671,
672,655,671,
753,767,752,
753,737,736,
705,721,704,
705,688,704,
752,736,753,
736,720,737,
687,671,688,
687,704,688,
720,704,721,
737,721,720,

