0,2,1,
0,2,3,
2,1,21,
2,3,22,
2,21,22,
1,21,20,
3,22,23,
19,20,55,
21,22,57,
21,20,56,
63,62,111,
3,23,108,
22,23,58,
19,54,55,
20,55,56,
21,57,56,
22,57,58,
64,65,114,
63,113,112,
64,113,114,
62,61,110,
63,111,112,
62,111,110,
23,108,59,
23,58,59,
4,5,39,
54,55,102,
99,100,160,
55,56,103,
57,56,104,
57,58,105,
65,114,115,
113,112,173,
113,114,174,
61,60,109,
61,110,109,
111,112,172,
111,110,171,
108,60,109,
108,59,107,
58,59,106,
30,29,75,
30,31,76,
5,6,40,
4,39,38,
5,39,40,
54,102,101,
55,102,103,
99,160,282,
100,160,161,
100,101,161,
56,103,104,
57,104,105,
58,105,106,
65,115,116,
114,115,175,
113,173,174,
112,173,172,
114,174,175,
110,109,170,
111,172,171,
110,171,170,
108,109,169,
108,107,168,
59,107,106,
29,28,74,
30,75,76,
29,75,74,
31,32,77,
31,76,77,
6,7,41,
6,40,41,
4,38,37,
39,38,84,
39,40,85,
102,101,162,
102,103,163,
160,282,221,
160,161,221,
101,161,162,
103,104,164,
104,105,165,
105,106,166,
24,25,70,
117,116,178,
117,118,179,
115,116,176,
115,175,176,
173,174,234,
173,172,233,
174,175,235,
109,170,169,
172,171,232,
171,170,231,
108,169,168,
107,168,167,
107,106,167,
28,27,73,
28,74,73,
75,76,136,
75,74,135,
32,33,78,
32,77,78,
76,77,137,
7,8,42,
7,41,42,
40,41,86,
38,37,83,
39,84,85,
38,84,83,
40,85,86,
102,162,163,
103,163,164,
282,221,283,
161,221,222,
161,162,222,
104,164,165,
105,165,166,
106,166,167,
25,26,71,
24,70,69,
25,70,71,
24,68,69,
67,68,128,
117,178,179,
116,178,177,
66,119,120,
118,119,180,
118,179,180,
116,176,177,
175,176,236,
173,234,233,
174,234,235,
172,233,232,
175,235,236,
170,169,230,
171,232,231,
170,231,230,
169,168,229,
168,167,228,
27,26,72,
27,73,72,
74,73,134,
75,136,135,
76,136,137,
74,135,134,
33,34,79,
33,78,79,
77,78,138,
77,137,138,
8,9,43,
8,42,43,
41,42,87,
41,86,87,
37,36,82,
37,83,82,
84,85,145,
84,83,144,
85,86,146,
162,163,223,
163,164,224,
282,283,343,
221,283,222,
162,222,223,
164,165,225,
165,166,226,
166,167,227,
26,71,72,
70,69,130,
70,71,131,
124,123,185,
124,125,186,
68,69,129,
67,128,127,
68,128,129,
178,179,240,
178,177,238,
66,120,121,
119,120,181,
119,180,181,
179,180,241,
176,177,237,
176,236,237,
234,233,295,
234,235,296,
233,232,294,
235,236,296,
169,230,229,
232,231,293,
231,230,292,
168,229,228,
167,228,227,
73,72,133,
73,134,133,
136,135,197,
136,137,198,
135,134,196,
34,35,80,
34,79,80,
78,79,139,
78,138,139,
137,138,199,
9,10,44,
9,43,44,
42,43,88,
42,87,88,
86,87,147,
36,35,81,
36,82,81,
83,82,143,
84,145,144,
85,145,146,
83,144,143,
86,146,147,
163,223,224,
164,224,225,
283,343,344,
283,222,284,
222,223,284,
165,225,226,
166,226,227,
71,72,132,
70,130,131,
69,130,129,
71,131,132,
123,122,184,
124,185,186,
123,185,184,
67,126,127,
125,126,187,
125,186,187,
128,127,189,
128,129,190,
178,240,239,
179,240,241,
178,238,239,
177,238,237,
120,121,182,
120,181,182,
180,181,242,
180,241,242,
236,237,297,
233,295,294,
232,294,293,
236,296,297,
230,229,291,
231,293,292,
230,292,291,
229,228,290,
228,227,289,
72,133,132,
134,133,195,
136,197,198,
135,197,196,
137,198,199,
134,196,195,
35,80,81,
79,80,140,
79,139,140,
138,139,200,
138,199,200,
10,11,45,
10,44,45,
43,44,89,
43,88,89,
87,88,148,
87,147,148,
82,81,142,
82,143,142,
145,144,206,
145,146,207,
144,143,205,
146,147,208,
223,224,285,
224,225,286,
283,344,284,
343,344,394,
223,284,285,
225,226,287,
226,227,288,
130,131,192,
130,129,191,
131,132,193,
122,121,183,
122,184,183,
185,186,247,
185,184,246,
126,127,188,
126,187,188,
186,187,248,
128,189,190,
127,189,188,
129,190,191,
240,239,301,
240,241,302,
238,239,299,
238,237,298,
121,182,183,
181,182,243,
181,242,243,
241,242,303,
237,297,298,
294,293,352,
296,297,353,
229,291,290,
293,292,351,
292,291,350,
228,290,289,
227,289,288,
133,132,194,
133,195,194,
197,198,259,
197,196,258,
198,199,260,
196,195,257,
80,81,141,
80,140,141,
139,140,201,
139,200,201,
199,200,261,
11,12,46,
11,45,46,
44,45,90,
44,89,90,
88,89,149,
88,148,149,
147,148,209,
81,142,141,
143,142,204,
145,206,207,
144,206,205,
146,207,208,
143,205,204,
147,208,209,
224,285,286,
225,286,287,
344,284,345,
344,394,345,
284,285,345,
226,287,288,
130,192,191,
131,192,193,
132,193,194,
184,183,245,
185,247,246,
186,247,248,
184,246,245,
187,188,249,
187,248,249,
189,190,251,
189,188,250,
190,191,252,
240,301,302,
239,301,300,
241,302,303,
238,299,298,
239,299,300,
182,183,244,
182,243,244,
242,243,304,
242,303,304,
297,298,353,
294,399,352,
293,352,351,
291,290,349,
292,351,350,
291,350,349,
290,289,348,
289,288,348,
195,194,256,
197,259,258,
198,259,260,
196,258,257,
199,260,261,
195,257,256,
140,141,202,
140,201,202,
200,201,262,
200,261,262,
12,13,47,
12,46,47,
45,46,91,
45,90,91,
89,90,150,
89,149,150,
148,149,210,
148,209,210,
142,141,203,
142,204,203,
206,207,268,
206,205,267,
207,208,269,
205,204,266,
208,209,270,
285,286,346,
286,287,347,
394,345,395,
285,345,346,
192,191,253,
192,193,254,
193,194,255,
183,245,244,
247,246,308,
247,248,309,
246,245,307,
188,249,250,
248,249,310,
189,251,250,
190,251,252,
191,252,253,
301,302,357,
301,300,356,
302,303,358,
299,298,354,
299,300,355,
243,244,305,
243,304,305,
303,304,359,
298,353,354,
399,352,351,
290,349,348,
351,350,398,
350,349,397,
194,256,255,
259,258,320,
259,260,321,
258,257,319,
260,261,322,
257,256,318,
141,202,203,
201,202,263,
201,262,263,
261,262,323,
13,14,48,
13,47,48,
46,47,92,
46,91,92,
90,91,151,
90,150,151,
149,150,211,
149,210,211,
209,210,271,
204,203,265,
206,268,267,
207,268,269,
205,267,266,
208,269,270,
204,266,265,
209,270,271,
286,346,347,
345,395,346,
192,253,254,
193,254,255,
245,244,306,
247,308,309,
246,308,307,
248,309,310,
245,307,306,
249,250,311,
249,310,311,
251,250,312,
251,252,313,
252,253,314,
302,357,358,
301,356,401,
300,356,355,
303,358,359,
299,354,355,
244,305,306,
304,305,360,
304,359,360,
353,354,400,
349,348,397,
351,398,437,
350,398,397,
256,255,317,
259,320,321,
258,320,319,
260,321,322,
257,319,318,
261,322,323,
256,318,317,
202,203,264,
202,263,264,
262,263,324,
262,323,324,
14,15,49,
14,48,49,
47,48,93,
47,92,93,
91,92,152,
91,151,152,
150,151,212,
150,211,212,
210,211,272,
210,271,272,
203,265,264,
268,267,329,
268,269,330,
267,266,328,
269,270,331,
266,265,327,
270,271,332,
346,347,396,
395,346,396,
253,254,315,
254,255,316,
308,309,363,
308,307,363,
307,306,362,
250,311,312,
251,312,313,
252,313,314,
253,314,315,
356,401,355,
358,359,402,
354,355,400,
305,306,361,
305,360,361,
359,360,403,
348,397,436,
398,437,436,
398,397,436,
255,317,316,
320,321,373,
320,319,372,
321,322,374,
319,318,371,
322,323,375,
318,317,370,
263,264,325,
263,324,325,
323,324,376,
15,16,50,
15,49,50,
48,49,94,
48,93,94,
92,93,153,
92,152,153,
151,152,213,
151,212,213,
211,212,273,
211,272,273,
271,272,333,
265,264,326,
268,329,330,
267,329,328,
269,330,331,
266,328,327,
270,331,332,
265,327,326,
271,332,333,
2012,2015,2013,
2012,2006,2007,
254,315,316,
309,363,406,
307,363,362,
306,362,361,
311,312,364,
312,313,365,
313,314,366,
314,315,367,
359,402,403,
360,361,404,
360,403,404,
737,704,738,
737,797,768,
317,316,369,
320,373,372,
321,373,374,
319,372,371,
322,374,375,
318,371,370,
323,375,376,
317,370,369,
264,325,326,
324,325,377,
324,376,377,
16,17,51,
16,50,51,
49,50,95,
49,94,95,
93,94,154,
93,153,154,
152,153,214,
152,213,214,
212,213,273,
272,273,333,
329,330,382,
329,328,381,
330,331,383,
328,327,380,
331,332,383,
327,326,379,
332,333,384,
2015,2014,2013,
2012,2013,2007,
2006,1995,2001,
2006,2007,2001,
315,316,368,
363,406,362,
474,441,440,
362,361,405,
312,364,365,
475,364,442,
313,365,366,
314,366,367,
315,367,368,
668,633,669,
668,704,705,
402,403,438,
361,404,405,
403,404,439,
737,738,768,
704,738,705,
797,768,798,
316,369,368,
373,372,415,
373,374,416,
372,371,414,
374,375,417,
371,370,413,
375,376,418,
370,369,412,
325,326,378,
325,377,378,
376,377,419,
17,18,52,
17,51,52,
50,51,96,
50,95,96,
94,95,155,
94,154,155,
153,154,214,
213,214,274,
213,273,274,
273,333,334,
329,382,381,
330,382,383,
328,381,380,
327,380,379,
332,383,384,
326,379,378,
333,384,385,
2014,2010,2009,
2014,2013,2008,
2013,2007,2008,
1995,2001,1996,
2007,2001,2002,
406,441,405,
406,362,405,
474,440,473,
441,440,405,
474,508,473,
364,365,407,
639,640,677,
475,442,476,
364,442,407,
365,366,408,
366,367,409,
367,368,410,
668,669,705,
633,669,670,
633,634,670,
402,438,471,
403,438,439,
404,405,440,
404,439,440,
738,768,769,
738,705,739,
797,798,826,
768,798,769,
369,368,411,
373,415,416,
372,415,414,
374,416,417,
371,414,413,
375,417,418,
370,413,412,
376,418,419,
369,412,411,
377,378,420,
377,419,420,
18,52,53,
51,52,97,
51,96,97,
95,96,156,
95,155,156,
154,155,215,
154,214,215,
214,274,275,
273,274,334,
333,334,385,
382,381,424,
382,383,424,
381,380,423,
380,379,422,
383,384,425,
379,378,421,
384,385,426,
2014,2009,2008,
2010,2009,2004,
2007,2008,2002,
1995,1996,1988,
2001,1996,2002,
440,473,439,
508,473,507,
508,541,507,
365,407,408,
640,641,678,
639,677,676,
640,677,678,
475,476,509,
442,476,477,
442,407,443,
366,408,409,
367,409,410,
368,410,411,
669,705,706,
669,670,706,
634,670,671,
634,538,570,
402,471,505,
438,471,472,
438,439,472,
738,769,739,
705,739,706,
798,826,827,
798,769,799,
415,416,451,
415,414,450,
416,417,452,
414,413,449,
417,418,453,
413,412,448,
418,419,454,
412,411,447,
378,420,421,
419,420,455,
52,53,98,
52,97,98,
96,97,156,
155,156,216,
155,215,216,
214,215,275,
274,275,335,
274,334,335,
334,385,386,
381,424,423,
383,424,425,
380,423,422,
379,422,421,
384,425,426,
385,426,427,
2009,2008,2003,
2010,2004,2005,
2009,2004,2003,
2008,2002,2003,
1879,1902,1891,
1425,1474,1450,
1996,1988,1989,
1996,2002,1997,
473,439,472,
473,507,472,
541,573,540,
541,507,540,
407,408,443,
641,574,606,
641,678,679,
639,676,675,
677,676,713,
677,678,714,
475,509,542,
476,509,510,
442,477,443,
476,477,510,
408,409,444,
409,410,445,
410,411,446,
670,706,707,
634,671,635,
670,671,707,
538,505,539,
634,570,602,
538,570,571,
471,505,506,
471,472,506,
769,739,770,
739,706,740,
798,827,799,
769,799,770,
1425,1400,1426,
854,827,828,
415,451,450,
416,451,452,
414,450,449,
417,452,453,
413,449,448,
418,453,454,
412,448,447,
419,454,455,
411,447,446,
420,421,456,
420,455,456,
97,98,157,
97,156,157,
156,216,217,
215,216,276,
215,275,276,
275,335,336,
334,335,386,
385,386,427,
424,423,458,
424,425,459,
423,422,458,
422,421,457,
425,426,460,
426,427,461,
2004,2005,1999,
2004,2003,1998,
2002,2003,1997,
1902,1923,1913,
1879,1891,1880,
1902,1891,1903,
1425,1450,1426,
1474,1450,1475,
1996,1989,1997,
1988,1989,1981,
507,472,506,
573,675,605,
573,540,572,
507,540,506,
408,443,444,
574,542,575,
641,606,642,
574,606,607,
641,679,642,
678,679,715,
676,675,712,
677,713,714,
676,713,712,
678,714,715,
509,542,543,
509,510,543,
477,443,478,
477,510,511,
409,444,445,
410,445,446,
706,707,740,
634,635,602,
671,635,672,
671,707,708,
538,539,571,
505,539,506,
570,602,603,
570,571,603,
739,770,740,
827,799,828,
799,770,800,
1400,1426,1401,
854,828,829,
451,450,485,
451,452,486,
450,449,484,
452,453,487,
449,448,483,
453,454,488,
448,447,482,
454,455,489,
447,446,481,
421,456,457,
455,456,490,
98,159,158,
98,157,158,
156,157,217,
216,217,277,
216,276,277,
275,276,336,
335,336,387,
335,386,387,
386,427,428,
424,458,459,
425,459,460,
422,458,457,
426,460,461,
427,461,462,
2004,1999,1998,
2005,1999,2000,
2003,1998,1997,
1902,1913,1903,
1923,1913,1924,
1879,1880,1867,
1891,1880,1892,
1891,1903,1892,
1450,1426,1451,
1450,1475,1451,
1841,1867,1855,
1989,1997,1990,
1989,1981,1982,
573,605,572,
675,605,638,
540,572,539,
540,506,539,
443,444,478,
574,575,607,
542,575,543,
606,642,643,
606,607,643,
679,642,680,
679,715,716,
675,712,711,
713,714,747,
713,712,746,
714,715,748,
510,543,544,
477,478,511,
510,511,544,
444,445,479,
445,446,480,
707,740,741,
635,602,636,
671,672,708,
635,672,636,
707,708,741,
539,571,572,
602,603,636,
571,603,604,
770,740,771,
799,828,800,
770,800,771,
1400,1401,1376,
1426,1401,1427,
830,829,801,
830,831,802,
828,829,800,
451,485,486,
450,485,484,
452,486,487,
449,484,483,
453,487,488,
448,483,482,
454,488,489,
447,482,481,
455,489,490,
446,481,480,
456,457,491,
456,490,491,
159,158,219,
157,158,218,
157,217,218,
217,277,278,
276,277,337,
276,336,337,
336,387,388,
386,387,428,
427,428,462,
458,459,492,
459,460,493,
458,457,492,
460,461,494,
461,462,495,
1994,2000,1993,
1999,1998,1991,
1999,2000,1992,
1998,1997,1990,
1913,1903,1914,
1923,1924,1933,
1913,1924,1914,
1880,1867,1868,
1880,1892,1881,
1903,1892,1904,
1426,1451,1427,
1475,1498,1476,
1475,1451,1476,
1841,1855,1842,
1867,1855,1868,
1923,1942,1933,
1989,1990,1982,
1981,1982,1974,
605,572,604,
675,638,674,
605,638,604,
444,478,479,
575,607,608,
575,543,576,
642,643,680,
607,643,644,
679,680,716,
715,716,749,
675,711,674,
712,711,745,
713,747,746,
714,747,748,
712,746,745,
715,748,749,
543,544,576,
478,511,512,
511,544,545,
445,479,480,
740,741,771,
672,708,709,
672,636,673,
708,741,742,
571,572,604,
603,636,637,
603,604,637,
800,771,801,
1400,1376,1352,
1401,1376,1402,
1401,1427,1402,
830,801,802,
829,801,800,
831,832,803,
831,802,803,
485,486,519,
485,484,518,
486,487,520,
484,483,517,
487,488,521,
483,482,516,
488,489,522,
482,481,515,
489,490,523,
481,480,514,
457,491,492,
490,491,524,
159,219,220,
158,219,218,
217,218,278,
277,278,338,
277,337,338,
336,337,388,
387,388,429,
387,428,429,
428,462,463,
459,492,493,
460,493,494,
461,494,495,
462,495,496,
1994,1993,1986,
2000,1993,1992,
1999,1991,1992,
1998,1991,1990,
1903,1914,1904,
1924,1933,1934,
1924,1914,1925,
1880,1868,1881,
1892,1881,1893,
1892,1904,1893,
1451,1427,1452,
1498,1476,1477,
1451,1476,1452,
1841,1842,1828,
1855,1842,1856,
1855,1868,1856,
1711,1736,1724,
1942,1933,1943,
1990,1982,1983,
1982,1974,1975,
638,674,637,
638,604,637,
478,479,512,
575,608,576,
607,608,644,
643,680,681,
643,644,681,
680,716,717,
716,749,750,
711,674,710,
711,745,744,
747,746,777,
747,748,778,
746,745,776,
748,749,779,
544,576,577,
511,512,545,
544,545,577,
479,480,513,
741,771,772,
672,709,673,
708,709,742,
636,673,637,
741,742,772,
771,801,772,
1376,1352,1377,
1376,1402,1377,
1427,1402,1428,
801,802,772,
832,803,804,
802,803,773,
485,519,518,
486,519,520,
484,518,517,
487,520,521,
483,517,516,
488,521,522,
482,516,515,
489,522,523,
481,515,514,
490,523,524,
480,514,513,
491,492,525,
491,524,525,
219,220,280,
219,218,279,
218,278,279,
278,338,339,
337,338,389,
337,388,389,
388,429,430,
428,429,463,
462,463,496,
492,493,525,
493,494,526,
494,495,527,
495,496,528,
1994,1986,1987,
1993,1986,1985,
1993,1992,1985,
1991,1992,1984,
1991,1990,1983,
1914,1904,1915,
1924,1934,1925,
1933,1934,1943,
1914,1925,1915,
1868,1881,1869,
1881,1893,1882,
1904,1893,1905,
1427,1452,1428,
1476,1477,1452,
1842,1828,1829,
1842,1856,1843,
1868,1856,1869,
1711,1686,1699,
1656,1686,1672,
1828,1815,1829,
1711,1724,1712,
1736,1724,1737,
1775,1762,1776,
1736,1762,1749,
1942,1943,1951,
1974,1967,1975,
1982,1983,1975,
674,637,673,
479,512,513,
608,576,609,
608,644,645,
680,681,717,
644,681,682,
716,717,750,
749,750,780,
711,710,744,
674,710,673,
745,744,775,
747,777,778,
746,777,776,
748,778,779,
745,776,775,
749,779,780,
576,577,609,
512,545,546,
545,577,578,
709,673,710,
709,742,743,
742,772,773,
1352,1377,1353,
1402,1377,1403,
1402,1428,1403,
802,772,773,
832,833,804,
803,804,774,
803,773,774,
519,518,552,
519,520,553,
518,517,551,
520,521,554,
517,516,550,
521,522,555,
516,515,549,
522,523,556,
515,514,548,
523,524,557,
514,513,547,
524,525,557,
219,280,279,
220,280,281,
278,279,339,
338,339,390,
338,389,390,
388,389,430,
429,430,464,
429,463,464,
463,496,497,
493,525,526,
494,526,527,
495,527,528,
496,528,529,
1986,1987,1979,
1986,1985,1978,
1992,1985,1984,
1991,1984,1983,
1904,1915,1905,
1934,1925,1935,
1934,1943,1944,
1925,1915,1926,
1881,1869,1882,
1893,1882,1894,
1893,1905,1894,
1452,1428,1453,
1477,1452,1453,
1842,1829,1843,
1856,1843,1857,
1856,1869,1857,
1711,1699,1712,
1686,1699,1687,
1656,1672,1657,
1686,1672,1687,
1656,1640,1657,
1775,1802,1789,
1815,1802,1816,
1815,1829,1816,
1724,1712,1725,
1736,1737,1749,
1724,1737,1725,
1775,1776,1789,
1762,1776,1763,
1762,1749,1763,
1942,1951,1959,
1943,1951,1952,
1967,1959,1968,
1967,1975,1968,
1983,1975,1976,
512,513,546,
608,609,645,
644,645,682,
681,717,718,
681,682,718,
717,750,751,
750,780,781,
710,744,743,
744,775,774,
777,778,807,
777,776,806,
778,779,808,
776,775,805,
779,780,809,
577,609,610,
545,546,578,
577,578,610,
709,710,743,
742,743,773,
1377,1353,1378,
1377,1403,1378,
1428,1403,1429,
833,804,805,
872,834,855,
833,834,805,
804,774,775,
773,774,743,
519,552,553,
518,552,551,
520,553,554,
517,551,550,
521,554,555,
516,550,549,
522,555,556,
515,549,548,
523,556,557,
514,548,547,
513,547,546,
525,557,558,
280,279,340,
280,281,341,
279,339,340,
339,390,391,
389,390,431,
389,430,431,
430,464,465,
463,464,497,
496,497,529,
525,526,558,
526,527,559,
527,528,560,
528,529,561,
1986,1979,1978,
1987,1979,1980,
1985,1978,1977,
1985,1984,1977,
1984,1983,1976,
1915,1905,1916,
1934,1935,1944,
1925,1935,1926,
1943,1944,1952,
1915,1926,1916,
1869,1882,1870,
1882,1894,1883,
1905,1894,1906,
1428,1453,1429,
1477,1478,1453,
1829,1843,1830,
1843,1857,1844,
1869,1857,1870,
1699,1712,1713,
1699,1687,1700,
1672,1657,1673,
1672,1687,1673,
1640,1657,1641,
1571,1623,1606,
1640,1623,1641,
1802,1789,1803,
1802,1816,1803,
1829,1816,1830,
1712,1725,1713,
1737,1749,1750,
1737,1725,1738,
1776,1789,1790,
1776,1763,1777,
1749,1763,1750,
1951,1959,1960,
1951,1952,1960,
1959,1968,1960,
1975,1968,1976,
609,645,646,
645,682,683,
717,718,751,
682,718,719,
750,751,781,
780,781,810,
744,743,774,
777,807,806,
778,807,808,
776,806,805,
779,808,809,
775,805,804,
780,809,810,
609,610,646,
546,578,579,
578,610,611,
872,856,855,
1353,1330,1354,
1353,1378,1354,
1403,1378,1404,
1403,1429,1404,
834,855,835,
834,805,806,
552,553,585,
552,551,584,
553,554,586,
551,550,583,
554,555,587,
550,549,582,
555,556,588,
549,548,581,
556,557,589,
548,547,580,
547,546,579,
557,558,589,
280,340,341,
281,341,342,
339,340,391,
390,391,432,
390,431,432,
430,431,465,
464,465,498,
464,497,498,
497,529,530,
526,558,559,
527,559,560,
528,560,561,
529,561,562,
1979,1978,1971,
1979,1980,1972,
1978,1977,1970,
1984,1977,1976,
1905,1916,1906,
1935,1944,1945,
1935,1926,1936,
1944,1952,1953,
1926,1916,1927,
1882,1870,1883,
1894,1883,1895,
1894,1906,1895,
1453,1429,1454,
1478,1453,1454,
1478,1499,1479,
1843,1830,1844,
1857,1844,1858,
1857,1870,1858,
1699,1713,1700,
1687,1700,1688,
1657,1673,1658,
1687,1673,1688,
1657,1641,1658,
1571,1606,1589,
1623,1606,1624,
1623,1641,1624,
1789,1803,1790,
1816,1803,1817,
1816,1830,1817,
1725,1713,1726,
1737,1750,1738,
1725,1738,1726,
1776,1790,1777,
1763,1777,1764,
1763,1750,1764,
1952,1960,1961,
1968,1960,1969,
1968,1976,1969,
645,646,683,
682,683,719,
718,751,752,
718,719,752,
751,781,782,
781,810,811,
807,806,835,
807,808,836,
808,809,837,
809,810,838,
610,646,647,
578,579,611,
610,611,647,
873,858,859,
856,855,835,
857,837,838,
856,837,836,
1330,1354,1355,
1378,1354,1379,
1378,1404,1379,
1429,1404,1430,
834,835,806,
552,585,584,
553,585,586,
551,584,583,
554,586,587,
550,583,582,
555,587,588,
549,582,581,
556,588,589,
548,581,580,
547,580,579,
558,589,590,
340,341,392,
341,342,393,
340,391,392,
391,432,433,
431,432,466,
431,465,466,
465,498,499,
497,498,530,
529,530,562,
558,559,590,
559,560,591,
560,561,592,
561,562,593,
1966,1973,1965,
1980,1973,1972,
1979,1971,1972,
1978,1971,1970,
1977,1970,1969,
1977,1976,1969,
1916,1906,1917,
1935,1945,1936,
1944,1945,1953,
1926,1936,1927,
1952,1953,1961,
1916,1927,1917,
1870,1883,1871,
1883,1895,1884,
1906,1895,1907,
1429,1454,1430,
1478,1454,1479,
1571,1553,1572,
1499,1553,1518,
1499,1479,1500,
1830,1844,1831,
1844,1858,1845,
1870,1858,1871,
1713,1700,1714,
1700,1688,1701,
1673,1658,1674,
1673,1688,1674,
1641,1658,1642,
1571,1589,1572,
1606,1589,1607,
1606,1624,1607,
1641,1624,1642,
1803,1790,1804,
1803,1817,1804,
1830,1817,1831,
1713,1726,1714,
1750,1738,1751,
1738,1726,1739,
1790,1777,1791,
1777,1764,1778,
1750,1764,1751,
1960,1961,1969,
646,683,684,
683,719,720,
751,752,782,
719,752,753,
781,782,811,
810,811,839,
807,835,836,
808,836,837,
809,837,838,
810,838,839,
646,647,684,
579,611,612,
611,647,648,
857,839,838,
858,839,840,
873,859,860,
858,859,840,
856,835,836,
1330,1355,1331,
1354,1355,1379,
1404,1379,1405,
1404,1430,1405,
585,584,617,
585,586,618,
584,583,616,
586,587,619,
583,582,615,
587,588,620,
582,581,614,
588,589,621,
581,580,613,
580,579,612,
589,590,622,
341,392,393,
391,392,433,
432,433,467,
432,466,467,
465,466,499,
498,499,531,
498,530,531,
530,562,563,
559,590,591,
560,591,592,
561,592,593,
562,593,594,
1966,1965,1957,
1973,1965,1964,
1973,1972,1964,
1971,1972,1963,
1971,1970,1962,
1970,1969,1961,
1906,1917,1907,
1945,1936,1946,
1945,1953,1954,
1936,1927,1937,
1953,1961,1962,
1927,1917,1928,
1883,1871,1884,
1895,1884,1896,
1895,1907,1896,
1454,1430,1455,
1454,1479,1455,
1553,1572,1554,
1499,1518,1500,
1553,1518,1536,
1479,1500,1480,
1844,1831,1845,
1858,1845,1859,
1858,1871,1859,
1700,1714,1701,
1688,1701,1689,
1658,1674,1659,
1688,1674,1689,
1658,1642,1659,
1589,1572,1590,
1589,1607,1590,
1624,1607,1625,
1624,1642,1625,
1790,1804,1791,
1817,1804,1818,
1817,1831,1818,
1726,1714,1727,
1738,1751,1739,
1726,1739,1727,
1777,1791,1778,
1764,1778,1765,
1764,1751,1765,
683,684,720,
719,720,753,
752,782,783,
752,753,783,
782,811,812,
811,839,840,
647,684,685,
611,612,648,
647,648,685,
1082,1064,1083,
1082,1100,1101,
859,860,841,
859,840,841,
1355,1331,1356,
1355,1379,1380,
1379,1405,1380,
1430,1405,1431,
585,617,618,
584,617,616,
586,618,619,
583,616,615,
587,619,620,
582,615,614,
588,620,621,
581,614,613,
589,621,622,
580,613,612,
590,622,591,
392,393,434,
393,435,434,
392,433,434,
433,467,468,
466,467,500,
466,499,500,
499,531,532,
530,531,563,
562,563,594,
591,592,623,
592,593,624,
593,594,625,
1966,1957,1958,
1965,1957,1956,
1965,1964,1956,
1972,1964,1963,
1971,1963,1962,
1970,1962,1961,
1917,1907,1918,
1945,1946,1954,
1936,1946,1937,
1953,1954,1962,
1927,1937,1928,
1917,1928,1918,
1871,1884,1872,
1884,1896,1885,
1907,1896,1908,
1430,1455,1431,
1479,1455,1480,
1553,1554,1536,
1572,1554,1573,
1518,1500,1519,
1518,1536,1519,
1500,1480,1501,
1831,1845,1832,
1845,1859,1846,
1871,1859,1872,
1714,1701,1715,
1701,1689,1702,
1674,1659,1675,
1674,1689,1675,
1642,1659,1643,
1572,1590,1573,
1607,1590,1608,
1607,1625,1608,
1642,1625,1643,
1804,1791,1805,
1804,1818,1805,
1831,1818,1832,
1714,1727,1715,
1751,1739,1752,
1739,1727,1740,
1791,1778,1792,
1778,1765,1779,
1751,1765,1752,
684,720,721,
720,753,754,
782,783,812,
753,783,784,
811,812,840,
684,685,721,
612,648,649,
648,685,686,
1082,1083,1101,
1064,1083,1065,
1100,1118,1119,
1100,1101,1119,
860,874,861,
860,841,842,
840,841,812,
1331,1310,1332,
1355,1356,1380,
1331,1356,1332,
1405,1380,1406,
1405,1431,1406,
617,618,654,
617,616,653,
618,619,655,
616,615,652,
619,620,656,
615,614,651,
620,621,657,
614,613,650,
621,622,658,
613,612,649,
622,591,623,
435,470,469,
435,434,469,
433,434,468,
467,468,501,
467,500,501,
499,500,532,
531,532,564,
531,563,564,
563,594,595,
592,623,624,
593,624,625,
594,625,626,
1957,1958,1949,
1957,1956,1948,
1964,1956,1955,
1964,1963,1955,
1963,1962,1954,
1907,1918,1908,
1946,1954,1955,
1946,1937,1947,
1937,1928,1938,
1928,1918,1929,
1884,1872,1885,
1896,1885,1897,
1896,1908,1897,
1455,1431,1456,
1455,1480,1456,
1554,1536,1555,
1554,1573,1555,
1500,1519,1501,
1536,1519,1537,
1480,1501,1481,
1845,1832,1846,
1859,1846,1860,
1859,1872,1860,
1701,1715,1702,
1689,1702,1690,
1659,1675,1660,
1689,1675,1690,
1659,1643,1660,
1590,1573,1591,
1590,1608,1591,
1625,1608,1626,
1625,1643,1626,
1791,1805,1792,
1818,1805,1819,
1818,1832,1819,
1727,1715,1728,
1739,1752,1740,
1727,1740,1728,
1778,1792,1779,
1765,1779,1766,
1765,1752,1766,
720,721,754,
753,754,784,
783,812,813,
783,784,813,
685,721,722,
648,649,686,
685,686,722,
1083,1101,1102,
1064,1065,1047,
1083,1065,1084,
1118,1119,1136,
1101,1119,1120,
860,861,842,
874,861,875,
841,842,813,
841,812,813,
1310,1332,1333,
1356,1380,1381,
1356,1332,1357,
1380,1406,1381,
1431,1406,1432,
617,654,653,
618,654,655,
616,653,652,
619,655,656,
615,652,651,
620,656,657,
614,651,650,
621,657,658,
613,650,649,
622,658,623,
470,504,503,
470,469,503,
434,469,468,
468,501,502,
500,501,533,
500,532,533,
532,564,565,
563,564,595,
594,595,626,
623,624,659,
624,625,660,
625,626,661,
1957,1949,1948,
1958,1949,1950,
1956,1948,1947,
1956,1955,1947,
1963,1955,1954,
1918,1908,1919,
1946,1955,1947,
1937,1947,1938,
1928,1938,1929,
1918,1929,1919,
1872,1885,1873,
1885,1897,1886,
1908,1897,1909,
1431,1456,1432,
1480,1456,1481,
1536,1555,1537,
1573,1555,1574,
1519,1501,1520,
1519,1537,1520,
1501,1481,1502,
1832,1846,1833,
1846,1860,1847,
1872,1860,1873,
1715,1702,1716,
1702,1690,1703,
1675,1660,1676,
1675,1690,1676,
1643,1660,1644,
1573,1591,1574,
1608,1591,1609,
1608,1626,1609,
1643,1626,1644,
1805,1792,1806,
1805,1819,1806,
1832,1819,1833,
1715,1728,1716,
1752,1740,1753,
1740,1728,1741,
1792,1779,1793,
1779,1766,1780,
1752,1766,1753,
721,754,755,
754,784,785,
784,813,814,
721,722,755,
649,686,687,
686,722,723,
997,1013,1014,
1083,1102,1084,
1101,1102,1120,
1065,1047,1066,
1065,1084,1066,
1310,1291,1311,
1118,1136,1153,
1119,1136,1137,
1119,1120,1137,
861,842,843,
861,875,862,
842,813,814,
1310,1333,1311,
1332,1333,1357,
1356,1381,1357,
1406,1381,1407,
1406,1432,1407,
654,653,691,
654,655,692,
653,652,690,
655,656,693,
652,651,689,
656,657,694,
651,650,688,
657,658,695,
650,649,687,
658,623,659,
504,537,536,
504,503,536,
469,503,502,
469,468,502,
501,502,534,
501,533,534,
532,533,565,
564,565,596,
564,595,596,
595,626,627,
624,659,660,
625,660,661,
626,661,662,
1949,1948,1939,
1949,1950,1940,
1948,1947,1938,
1908,1919,1909,
1938,1929,1939,
1929,1919,1930,
1885,1873,1886,
1897,1886,1898,
1897,1909,1898,
1456,1432,1457,
1456,1481,1457,
1555,1537,1556,
1555,1574,1556,
1501,1520,1502,
1537,1520,1538,
1481,1502,1482,
1846,1833,1847,
1860,1847,1861,
1860,1873,1861,
1702,1716,1703,
1690,1703,1691,
1660,1676,1661,
1690,1676,1691,
1660,1644,1661,
1591,1574,1592,
1591,1609,1592,
1626,1609,1627,
1626,1644,1627,
1792,1806,1793,
1819,1806,1820,
1819,1833,1820,
1728,1716,1729,
1740,1753,1741,
1728,1741,1729,
1779,1793,1780,
1766,1780,1767,
1766,1753,1767,
754,755,785,
784,785,814,
722,755,756,
686,687,723,
722,723,756,
1013,1030,1031,
997,1014,998,
1013,1014,1031,
885,875,876,
1102,1084,1103,
1102,1120,1121,
1047,1030,1048,
1047,1066,1048,
1084,1066,1085,
1291,1255,1273,
1291,1311,1312,
1136,1153,1154,
1136,1137,1154,
1120,1137,1138,
861,843,862,
842,843,814,
875,862,876,
1333,1311,1334,
1333,1357,1358,
1381,1357,1382,
1381,1407,1382,
1432,1407,1433,
654,691,692,
653,691,690,
655,692,693,
652,690,689,
656,693,694,
651,689,688,
657,694,695,
650,688,687,
658,695,696,
658,659,696,
537,536,569,
503,536,535,
503,502,535,
502,534,535,
533,534,566,
533,565,566,
565,596,597,
595,596,627,
626,627,662,
659,660,696,
660,661,697,
661,662,698,
1950,1941,1940,
1949,1939,1940,
1948,1939,1938,
1919,1909,1920,
1929,1939,1930,
1919,1930,1920,
1873,1886,1874,
1886,1898,1887,
1909,1898,1910,
1432,1457,1433,
1481,1457,1482,
1537,1556,1538,
1574,1556,1575,
1520,1502,1521,
1520,1538,1521,
1502,1482,1503,
1833,1847,1834,
1847,1861,1848,
1873,1861,1874,
1716,1703,1717,
1703,1691,1704,
1676,1661,1677,
1676,1691,1677,
1644,1661,1645,
1574,1592,1575,
1609,1592,1610,
1609,1627,1610,
1644,1627,1645,
1806,1793,1807,
1806,1820,1807,
1833,1820,1834,
1716,1729,1717,
1753,1741,1754,
1741,1729,1742,
1793,1780,1794,
1780,1767,1781,
1753,1767,1754,
755,785,786,
785,814,815,
755,756,786,
687,723,724,
723,756,757,
1030,1031,1048,
997,998,983,
1014,998,1015,
1014,1031,1032,
885,876,886,
1102,1103,1121,
1084,1103,1085,
1120,1121,1138,
1066,1048,1067,
1066,1085,1067,
1291,1273,1292,
1255,1273,1274,
1291,1312,1292,
1311,1312,1334,
1153,1170,1171,
1153,1154,1171,
1137,1154,1155,
1137,1138,1155,
843,862,844,
843,814,815,
862,876,863,
1333,1334,1358,
1357,1358,1382,
1407,1382,1408,
1407,1433,1408,
691,692,728,
691,690,727,
692,693,729,
690,689,726,
693,694,730,
689,688,725,
694,695,731,
688,687,724,
695,696,732,
536,569,568,
536,535,568,
534,535,567,
534,566,567,
565,566,597,
596,597,628,
596,627,628,
627,662,663,
660,696,697,
661,697,698,
662,698,699,
1941,1932,1931,
1941,1940,1931,
1939,1940,1930,
1909,1920,1910,
1930,1920,1931,
1886,1874,1887,
1898,1887,1899,
1898,1910,1899,
1457,1433,1458,
1457,1482,1458,
1556,1538,1557,
1556,1575,1557,
1502,1521,1503,
1538,1521,1539,
1482,1503,1483,
1847,1834,1848,
1861,1848,1862,
1861,1874,1862,
1703,1717,1704,
1691,1704,1692,
1661,1677,1662,
1691,1677,1692,
1661,1645,1662,
1592,1575,1593,
1592,1610,1593,
1627,1610,1628,
1627,1645,1628,
1793,1807,1794,
1820,1807,1821,
1820,1834,1821,
1729,1717,1730,
1741,1754,1742,
1729,1742,1730,
1780,1794,1781,
1767,1781,1768,
1767,1754,1768,
785,786,815,
756,786,787,
723,724,757,
756,757,787,
1031,1048,1049,
998,983,999,
1014,1015,1032,
998,1015,999,
1031,1032,1049,
876,886,877,
969,983,984,
969,952,970,
886,895,887,
1103,1121,1122,
1103,1085,1104,
1121,1138,1139,
1048,1067,1049,
1085,1067,1086,
1187,1170,1188,
1187,1204,1205,
1273,1292,1293,
1255,1274,1256,
1273,1274,1293,
1312,1292,1313,
1312,1334,1335,
1170,1171,1188,
1154,1171,1172,
1154,1155,1172,
1138,1155,1156,
843,844,815,
862,844,863,
876,863,877,
1334,1358,1359,
1358,1382,1383,
1382,1408,1383,
1433,1408,1434,
691,728,727,
692,728,729,
690,727,726,
693,729,730,
689,726,725,
694,730,731,
688,725,724,
695,731,732,
696,732,733,
601,569,600,
569,568,600,
535,568,567,
566,567,598,
566,597,598,
597,628,629,
627,628,663,
662,663,699,
696,697,733,
697,698,733,
698,699,734,
1932,1922,1921,
1932,1931,1921,
1940,1931,1930,
1920,1910,1921,
1920,1931,1921,
1874,1887,1875,
1887,1899,1888,
1910,1899,1911,
1433,1458,1434,
1482,1458,1483,
1538,1557,1539,
1575,1557,1576,
1521,1503,1522,
1521,1539,1522,
1503,1483,1504,
1834,1848,1835,
1848,1862,1849,
1874,1862,1875,
1717,1704,1718,
1704,1692,1705,
1677,1662,1678,
1677,1692,1678,
1645,1662,1646,
1575,1593,1576,
1610,1593,1611,
1610,1628,1611,
1645,1628,1646,
1807,1794,1808,
1807,1821,1808,
1834,1821,1835,
1717,1730,1718,
1754,1742,1755,
1742,1730,1743,
1794,1781,1795,
1781,1768,1782,
1754,1768,1755,
786,815,816,
786,787,816,
724,757,758,
757,787,788,
983,999,984,
1015,1032,1033,
1015,999,1016,
1032,1049,1050,
886,877,887,
969,984,970,
921,936,922,
952,936,953,
952,970,953,
921,910,922,
895,887,896,
1103,1122,1104,
1121,1122,1139,
1085,1104,1086,
1138,1139,1156,
1067,1049,1068,
1067,1086,1068,
1187,1188,1205,
1255,1221,1238,
1204,1221,1222,
1204,1205,1222,
1292,1293,1313,
1255,1256,1238,
1274,1256,1275,
1274,1293,1294,
1312,1313,1335,
1334,1335,1359,
1171,1188,1189,
1171,1172,1189,
1155,1172,1173,
1155,1156,1173,
844,815,816,
844,863,845,
863,877,864,
1358,1359,1383,
1408,1383,1409,
1408,1434,1409,
728,727,761,
728,729,762,
727,726,760,
729,730,763,
726,725,759,
730,731,764,
725,724,758,
731,732,765,
732,733,766,
601,600,632,
568,600,599,
568,567,599,
567,598,599,
597,598,629,
628,629,664,
628,663,664,
663,699,700,
698,733,734,
699,734,735,
1922,1912,1911,
1922,1921,1911,
1910,1921,1911,
1887,1875,1888,
1899,1888,1900,
1899,1911,1900,
1458,1434,1459,
1458,1483,1459,
1557,1539,1558,
1557,1576,1558,
1503,1522,1504,
1539,1522,1540,
1483,1504,1484,
1848,1835,1849,
1862,1849,1863,
1862,1875,1863,
1704,1718,1705,
1692,1705,1693,
1662,1678,1663,
1692,1678,1693,
1662,1646,1663,
1593,1576,1594,
1593,1611,1594,
1628,1611,1629,
1628,1646,1629,
1794,1808,1795,
1821,1808,1822,
1821,1835,1822,
1730,1718,1731,
1742,1755,1743,
1730,1743,1731,
1781,1795,1782,
1768,1782,1769,
1768,1755,1769,
787,816,817,
757,758,788,
787,788,817,
999,984,1000,
1015,1033,1016,
1032,1033,1050,
999,1016,1000,
1049,1050,1068,
877,887,878,
984,970,985,
936,922,937,
936,953,937,
970,953,971,
910,922,923,
895,903,896,
910,903,911,
887,896,888,
1122,1104,1123,
1122,1139,1140,
1104,1086,1105,
1139,1156,1157,
1086,1068,1087,
1188,1205,1206,
1221,1238,1239,
1221,1222,1239,
1205,1222,1223,
1293,1313,1314,
1256,1238,1257,
1274,1275,1294,
1256,1275,1257,
1293,1294,1314,
1313,1335,1336,
1335,1359,1360,
1188,1189,1206,
1172,1189,1190,
1172,1173,1190,
1156,1173,1174,
844,816,845,
863,845,864,
877,864,878,
1359,1383,1384,
1383,1409,1384,
1434,1409,1435,
728,761,762,
727,761,760,
729,762,763,
726,760,759,
730,763,764,
725,759,758,
731,764,765,
732,765,766,
733,766,767,
600,632,631,
919,935,934,
919,918,934,
632,667,631,
600,599,631,
598,599,630,
598,629,630,
629,664,665,
663,664,700,
699,700,735,
733,734,767,
734,735,767,
1912,1901,1900,
1912,1911,1900,
1875,1888,1876,
1888,1900,1889,
1434,1459,1435,
1483,1459,1484,
1539,1558,1540,
1576,1558,1577,
1522,1504,1523,
1522,1540,1523,
1504,1484,1505,
1835,1849,1836,
1849,1863,1850,
1875,1863,1876,
1718,1705,1719,
1705,1693,1706,
1678,1663,1679,
1678,1693,1679,
1646,1663,1647,
1576,1594,1577,
1611,1594,1612,
1611,1629,1612,
1646,1629,1647,
1808,1795,1809,
1808,1822,1809,
1835,1822,1836,
1718,1731,1719,
1755,1743,1756,
1743,1731,1744,
1795,1782,1796,
1782,1769,1783,
1755,1769,1756,
816,817,845,
758,788,789,
788,817,818,
984,1000,985,
1033,1016,1034,
1033,1050,1051,
1016,1000,1017,
1050,1068,1069,
887,878,888,
970,985,971,
922,937,923,
953,937,954,
953,971,954,
910,923,911,
903,896,904,
903,911,904,
896,888,897,
1122,1123,1140,
1104,1123,1105,
1139,1140,1157,
1086,1105,1087,
1156,1157,1174,
1068,1087,1069,
1205,1206,1223,
1238,1239,1257,
1222,1239,1240,
1222,1223,1240,
1313,1314,1336,
1275,1294,1295,
1275,1257,1276,
1294,1314,1315,
1335,1336,1360,
1359,1360,1384,
1189,1206,1207,
1189,1190,1207,
1173,1190,1191,
1173,1174,1191,
845,864,846,
864,878,865,
1409,1384,1410,
1409,1435,1410,
761,762,792,
761,760,791,
762,763,793,
760,759,790,
763,764,794,
759,758,789,
764,765,795,
765,766,796,
766,767,796,
935,934,951,
918,934,933,
667,703,666,
667,631,666,
599,631,630,
629,630,665,
664,665,701,
664,700,701,
700,735,736,
1901,1890,1889,
1901,1900,1889,
1888,1876,1889,
1459,1435,1460,
1459,1484,1460,
1558,1540,1559,
1558,1577,1559,
1504,1523,1505,
1540,1523,1541,
1484,1505,1485,
1849,1836,1850,
1863,1850,1864,
1863,1876,1864,
1705,1719,1706,
1693,1706,1694,
1663,1679,1664,
1693,1679,1694,
1663,1647,1664,
1594,1577,1595,
1594,1612,1595,
1629,1612,1630,
1629,1647,1630,
1795,1809,1796,
1822,1809,1823,
1822,1836,1823,
1731,1719,1732,
1743,1756,1744,
1731,1744,1732,
1782,1796,1783,
1769,1783,1770,
1769,1756,1770,
817,845,846,
788,789,818,
817,818,846,
1000,985,1001,
1033,1034,1051,
1016,1034,1017,
1050,1051,1069,
1000,1017,1001,
878,888,879,
985,971,986,
937,923,938,
937,954,938,
971,954,972,
923,911,924,
896,904,897,
911,904,912,
888,897,889,
1123,1140,1141,
1123,1105,1124,
1140,1157,1158,
1105,1087,1106,
1157,1174,1175,
1087,1069,1088,
1206,1223,1224,
1239,1257,1258,
1239,1240,1258,
1223,1240,1241,
1314,1336,1337,
1275,1295,1276,
1294,1295,1315,
1257,1276,1258,
1314,1315,1337,
1336,1360,1361,
1360,1384,1385,
1206,1207,1224,
1190,1207,1208,
1190,1191,1208,
1174,1191,1192,
864,846,865,
878,865,879,
1384,1410,1385,
1435,1410,1436,
761,792,791,
762,792,793,
760,791,790,
763,793,794,
759,790,789,
764,794,795,
765,795,796,
934,951,950,
932,948,947,
934,933,950,
703,666,702,
631,666,630,
630,665,666,
665,701,702,
700,701,736,
1890,1878,1877,
1890,1889,1877,
1876,1889,1877,
1435,1460,1436,
1484,1460,1485,
1540,1559,1541,
1577,1559,1578,
1523,1505,1524,
1523,1541,1524,
1505,1485,1506,
1836,1850,1837,
1850,1864,1851,
1876,1864,1877,
1719,1706,1720,
1706,1694,1707,
1679,1664,1680,
1679,1694,1680,
1647,1664,1648,
1577,1595,1578,
1612,1595,1613,
1612,1630,1613,
1647,1630,1648,
1809,1796,1810,
1809,1823,1810,
1836,1823,1837,
1719,1732,1720,
1756,1744,1757,
1744,1732,1745,
1796,1783,1797,
1783,1770,1784,
1756,1770,1757,
789,818,819,
818,846,847,
985,1001,986,
1034,1051,1052,
1034,1017,1035,
1051,1069,1070,
1017,1001,1018,
888,879,889,
971,986,972,
923,938,924,
954,938,955,
954,972,955,
911,924,912,
904,897,905,
904,912,905,
897,889,898,
1123,1141,1124,
1140,1141,1158,
1105,1124,1106,
1157,1158,1175,
1087,1106,1088,
1174,1175,1192,
1069,1088,1070,
1223,1224,1241,
1240,1258,1259,
1240,1241,1259,
1336,1337,1361,
1295,1276,1296,
1295,1315,1316,
1276,1258,1277,
1315,1337,1338,
1360,1361,1385,
1207,1224,1225,
1207,1208,1225,
1191,1208,1209,
1191,1192,1209,
846,865,847,
865,879,866,
1410,1385,1411,
1410,1436,1411,
792,791,821,
792,793,822,
791,790,820,
793,794,823,
790,789,819,
794,795,824,
795,796,825,
951,950,968,
932,931,947,
917,931,930,
948,933,949,
948,947,965,
933,950,949,
917,916,930,
666,702,665,
1854,1866,1853,
1878,1866,1865,
1878,1877,1865,
1460,1436,1461,
1460,1485,1461,
1559,1541,1560,
1559,1578,1560,
1505,1524,1506,
1541,1524,1542,
1485,1506,1486,
1850,1837,1851,
1864,1851,1865,
1864,1877,1865,
1706,1720,1707,
1694,1707,1695,
1664,1680,1665,
1694,1680,1695,
1664,1648,1665,
1595,1578,1596,
1595,1613,1596,
1630,1613,1631,
1630,1648,1631,
1796,1810,1797,
1823,1810,1824,
1823,1837,1824,
1732,1720,1733,
1744,1757,1745,
1732,1745,1733,
1783,1797,1784,
1770,1784,1771,
1770,1757,1771,
818,819,847,
1001,986,1002,
1034,1052,1035,
1051,1052,1070,
1017,1035,1018,
1001,1018,1002,
879,889,880,
986,972,987,
938,924,939,
938,955,939,
972,955,973,
924,912,925,
897,905,898,
912,905,913,
889,898,890,
1141,1124,1142,
1141,1158,1159,
1124,1106,1125,
1158,1175,1176,
1106,1088,1107,
1175,1192,1193,
1088,1070,1089,
1224,1241,1242,
1258,1259,1277,
1241,1259,1260,
1337,1361,1362,
1295,1296,1316,
1276,1296,1277,
1315,1316,1338,
1337,1338,1362,
1361,1385,1386,
1224,1225,1242,
1208,1225,1226,
1208,1209,1226,
1192,1209,1210,
865,847,866,
879,866,880,
1385,1411,1386,
1436,1411,1437,
792,821,822,
791,821,820,
793,822,823,
790,820,819,
794,823,824,
795,824,825,
825,853,824,
950,968,967,
931,947,946,
931,930,946,
948,949,966,
948,965,966,
947,965,964,
950,949,967,
916,930,929,
853,871,852,
1854,1853,1840,
1866,1853,1852,
1866,1865,1852,
1436,1461,1437,
1485,1461,1486,
1541,1560,1542,
1578,1560,1579,
1524,1506,1525,
1524,1542,1525,
1506,1486,1507,
1837,1851,1838,
1851,1865,1852,
1720,1707,1721,
1707,1695,1708,
1680,1665,1681,
1680,1695,1681,
1648,1665,1649,
1578,1596,1579,
1613,1596,1614,
1613,1631,1614,
1648,1631,1649,
1810,1797,1811,
1810,1824,1811,
1837,1824,1838,
1720,1733,1721,
1757,1745,1758,
1745,1733,1746,
1797,1784,1798,
1784,1771,1785,
1757,1771,1758,
819,847,848,
986,1002,987,
1052,1035,1053,
1052,1070,1071,
1035,1018,1036,
1018,1002,1019,
889,880,890,
972,987,973,
924,939,925,
955,939,956,
955,973,956,
912,925,913,
905,898,906,
905,913,906,
898,890,899,
1141,1142,1159,
1124,1142,1125,
1158,1159,1176,
1106,1125,1107,
1175,1176,1193,
1088,1107,1089,
1192,1193,1210,
1070,1089,1071,
1241,1242,1260,
1259,1277,1278,
1259,1260,1278,
1361,1362,1386,
1296,1316,1317,
1296,1277,1297,
1316,1338,1339,
1338,1362,1363,
1225,1242,1243,
1225,1226,1243,
1209,1226,1227,
1209,1210,1227,
847,866,848,
866,880,867,
1411,1386,1412,
1411,1437,1412,
821,822,850,
821,820,849,
822,823,851,
820,819,848,
823,824,852,
853,824,852,
947,946,964,
930,946,945,
949,966,967,
965,966,982,
965,964,982,
930,929,945,
894,902,893,
894,884,893,
871,884,870,
871,852,870,
1854,1840,1827,
1853,1840,1839,
1853,1852,1839,
1461,1437,1462,
1461,1486,1462,
1560,1542,1561,
1560,1579,1561,
1506,1525,1507,
1542,1525,1543,
1486,1507,1487,
1851,1838,1852,
1707,1721,1708,
1695,1708,1696,
1665,1681,1666,
1695,1681,1696,
1665,1649,1666,
1596,1579,1597,
1596,1614,1597,
1631,1614,1632,
1631,1649,1632,
1797,1811,1798,
1824,1811,1825,
1824,1838,1825,
1733,1721,1734,
1745,1758,1746,
1733,1746,1734,
1784,1798,1785,
1771,1785,1772,
1771,1758,1772,
1002,987,1003,
1052,1053,1071,
1035,1053,1036,
1018,1036,1019,
1002,1019,1003,
880,890,881,
987,973,988,
939,925,940,
939,956,940,
973,956,974,
925,913,926,
898,906,899,
913,906,914,
890,899,891,
1142,1159,1160,
1142,1125,1143,
1159,1176,1177,
1125,1107,1126,
1176,1193,1194,
1107,1089,1108,
1193,1210,1211,
1089,1071,1090,
1242,1260,1261,
1277,1278,1297,
1260,1278,1279,
1362,1386,1387,
1296,1317,1297,
1316,1317,1339,
1338,1339,1363,
1362,1363,1387,
1242,1243,1261,
1226,1243,1244,
1226,1227,1244,
1210,1227,1228,
866,848,867,
880,867,881,
1386,1412,1387,
1437,1412,1438,
821,850,849,
822,850,851,
820,849,848,
823,851,852,
946,964,963,
946,945,963,
964,982,981,
929,943,944,
929,945,944,
902,893,901,
884,893,883,
884,870,883,
852,870,851,
1840,1827,1826,
1840,1839,1826,
1852,1839,1838,
1437,1462,1438,
1486,1462,1487,
1542,1561,1543,
1579,1561,1580,
1525,1507,1526,
1525,1543,1526,
1507,1487,1508,
1721,1708,1722,
1708,1696,1709,
1681,1666,1682,
1681,1696,1682,
1649,1666,1650,
1579,1597,1580,
1614,1597,1615,
1614,1632,1615,
1649,1632,1650,
1811,1798,1812,
1811,1825,1812,
1838,1825,1839,
1721,1734,1722,
1758,1746,1759,
1746,1734,1747,
1798,1785,1799,
1785,1772,1786,
1758,1772,1759,
987,1003,988,
1053,1071,1072,
1053,1036,1054,
1036,1019,1037,
1019,1003,1020,
890,881,891,
973,988,974,
925,940,926,
956,940,957,
956,974,957,
913,926,914,
906,899,907,
906,914,907,
899,891,900,
1142,1160,1143,
1159,1160,1177,
1125,1143,1126,
1176,1177,1194,
1107,1126,1108,
1193,1194,1211,
1089,1108,1090,
1210,1211,1228,
1071,1090,1072,
1260,1261,1279,
1278,1297,1298,
1278,1279,1298,
1317,1297,1318,
1317,1339,1340,
1339,1363,1364,
1363,1387,1388,
1243,1261,1262,
1243,1244,1262,
1227,1244,1245,
1227,1228,1245,
848,867,849,
867,881,868,
1412,1387,1413,
1412,1438,1413,
850,849,868,
850,851,869,
1029,1046,1028,
1029,1012,1011,
964,963,981,
945,963,962,
982,996,981,
943,944,961,
945,944,962,
902,901,908,
893,901,892,
943,959,960,
893,883,892,
870,883,869,
870,851,869,
1827,1814,1813,
1827,1826,1813,
1839,1826,1825,
1462,1438,1463,
1462,1487,1463,
1561,1543,1562,
1561,1580,1562,
1507,1526,1508,
1543,1526,1544,
1487,1508,1488,
1708,1722,1709,
1696,1709,1697,
1666,1682,1667,
1696,1682,1697,
1666,1650,1667,
1597,1580,1598,
1597,1615,1598,
1632,1615,1633,
1632,1650,1633,
1798,1812,1799,
1825,1812,1826,
1734,1722,1735,
1746,1759,1747,
1734,1747,1735,
1785,1799,1786,
1772,1786,1773,
1772,1759,1773,
1003,988,1004,
1053,1072,1054,
1036,1054,1037,
1019,1037,1020,
1003,1020,1004,
881,891,882,
988,974,989,
940,926,941,
940,957,941,
974,957,975,
926,914,927,
899,907,900,
914,907,915,
891,900,892,
1160,1143,1161,
1160,1177,1178,
1143,1126,1144,
1177,1194,1195,
1126,1108,1127,
1194,1211,1212,
1108,1090,1109,
1211,1228,1229,
1090,1072,1091,
1261,1279,1280,
1297,1298,1318,
1279,1298,1299,
1317,1318,1340,
1339,1340,1364,
1363,1364,1388,
1387,1388,1413,
1261,1262,1280,
1244,1262,1263,
1244,1245,1263,
1228,1245,1246,
867,849,868,
881,868,882,
1438,1413,1439,
850,868,869,
1046,1063,1045,
1029,1028,1011,
1046,1028,1045,
1012,996,995,
1012,1011,995,
963,981,980,
963,962,980,
996,981,995,
943,961,960,
944,961,962,
901,908,900,
901,892,900,
959,960,977,
883,892,882,
883,869,882,
1814,1801,1800,
1814,1813,1800,
1826,1813,1812,
1438,1463,1439,
1487,1463,1488,
1543,1562,1544,
1580,1562,1581,
1526,1508,1527,
1526,1544,1527,
1508,1488,1509,
1722,1709,1723,
1709,1697,1710,
1682,1667,1683,
1682,1697,1683,
1650,1667,1651,
1580,1598,1581,
1615,1598,1616,
1615,1633,1616,
1650,1633,1651,
1812,1799,1813,
1722,1735,1723,
1759,1747,1760,
1747,1735,1748,
1799,1786,1800,
1786,1773,1787,
1759,1773,1760,
988,1004,989,
1072,1054,1073,
1054,1037,1055,
1037,1020,1038,
1020,1004,1021,
891,882,892,
974,989,975,
926,941,927,
957,941,958,
957,975,958,
914,927,915,
907,900,908,
907,915,908,
1160,1161,1178,
1143,1161,1144,
1177,1178,1195,
1126,1144,1127,
1194,1195,1212,
1108,1127,1109,
1211,1212,1229,
1090,1109,1091,
1228,1229,1246,
1072,1091,1073,
1279,1280,1299,
1298,1318,1319,
1298,1299,1319,
1318,1340,1341,
1340,1364,1365,
1364,1388,1389,
1388,1413,1414,
1262,1280,1281,
1262,1263,1281,
1245,1263,1264,
1245,1246,1264,
868,882,869,
1413,1439,1414,
1063,1081,1062,
1063,1045,1062,
1028,1011,1010,
1028,1045,1027,
1011,995,994,
981,980,995,
962,980,979,
961,960,978,
961,962,979,
928,942,927,
959,977,976,
960,977,978,
1801,1788,1787,
1801,1800,1787,
1813,1800,1799,
1463,1439,1464,
1463,1488,1464,
1562,1544,1563,
1562,1581,1563,
1508,1527,1509,
1544,1527,1545,
1488,1509,1489,
1709,1723,1710,
1697,1710,1698,
1667,1683,1668,
1697,1683,1698,
1667,1651,1668,
1598,1581,1599,
1598,1616,1599,
1633,1616,1634,
1633,1651,1634,
1735,1723,1748,
1747,1760,1748,
1786,1800,1787,
1773,1787,1774,
1773,1760,1774,
1004,989,1005,
1054,1073,1055,
1037,1055,1038,
1020,1038,1021,
1004,1021,1005,
941,927,942,
941,958,942,
927,915,928,
1161,1178,1179,
1161,1144,1162,
1178,1195,1196,
1144,1127,1145,
1195,1212,1213,
1127,1109,1128,
1212,1229,1230,
1109,1091,1110,
1229,1246,1247,
1091,1073,1092,
1280,1299,1300,
1318,1319,1341,
1299,1319,1320,
1340,1341,1365,
1364,1365,1389,
1388,1389,1414,
1280,1281,1300,
1263,1281,1282,
1263,1264,1282,
1246,1264,1265,
1439,1414,1440,
1081,1099,1080,
1081,1062,1080,
1045,1062,1044,
1028,1010,1027,
1011,1010,994,
1045,1027,1044,
995,994,980,
980,979,994,
961,978,979,
977,976,991,
977,978,992,
1788,1787,1774,
1439,1464,1440,
1488,1464,1489,
1544,1563,1545,
1581,1563,1582,
1527,1509,1528,
1527,1545,1528,
1509,1489,1510,
1683,1668,1684,
1683,1698,1684,
1651,1668,1652,
1581,1599,1582,
1616,1599,1617,
1616,1634,1617,
1651,1634,1652,
1760,1748,1761,
1760,1774,1761,
1073,1055,1074,
1055,1038,1056,
1038,1021,1039,
1021,1005,1022,
1161,1179,1162,
1178,1179,1196,
1144,1162,1145,
1195,1196,1213,
1127,1145,1128,
1212,1213,1230,
1109,1128,1110,
1229,1230,1247,
1091,1110,1092,
1246,1247,1265,
1073,1092,1074,
1299,1300,1320,
1319,1341,1342,
1319,1320,1342,
1341,1365,1366,
1365,1389,1390,
1389,1414,1415,
1281,1300,1301,
1281,1282,1301,
1264,1282,1283,
1264,1265,1283,
1414,1440,1415,
1099,1117,1098,
1099,1080,1098,
1062,1080,1061,
1062,1044,1061,
1010,1027,1009,
1010,994,993,
1027,1044,1026,
979,994,993,
978,979,993,
977,991,992,
976,991,990,
978,992,993,
1639,1622,1621,
1788,1774,1761,
1464,1440,1465,
1464,1489,1465,
1563,1545,1564,
1563,1582,1564,
1509,1528,1510,
1545,1528,1546,
1489,1510,1490,
1698,1685,1684,
1668,1684,1669,
1668,1652,1669,
1599,1582,1600,
1599,1617,1600,
1634,1617,1635,
1634,1652,1635,
1055,1074,1056,
1038,1056,1039,
1021,1039,1022,
1179,1162,1180,
1179,1196,1197,
1162,1145,1163,
1196,1213,1214,
1145,1128,1146,
1213,1230,1231,
1128,1110,1129,
1230,1247,1248,
1110,1092,1111,
1247,1265,1266,
1092,1074,1093,
1300,1320,1321,
1341,1342,1366,
1320,1342,1343,
1365,1366,1390,
1389,1390,1415,
1300,1301,1321,
1282,1301,1302,
1282,1283,1302,
1265,1283,1284,
1440,1415,1441,
1117,1135,1116,
1117,1098,1116,
1080,1098,1079,
1080,1061,1079,
1044,1061,1043,
1010,1009,993,
1027,1009,1026,
1044,1026,1043,
991,992,1008,
991,990,1007,
992,993,1009,
1622,1605,1604,
1639,1621,1638,
1622,1621,1604,
1639,1655,1638,
1671,1655,1654,
1440,1465,1441,
1489,1465,1490,
1545,1564,1546,
1582,1564,1583,
1528,1510,1529,
1528,1546,1529,
1510,1490,1511,
1685,1684,1669,
1652,1669,1653,
1582,1600,1583,
1617,1600,1618,
1617,1635,1618,
1652,1635,1653,
1074,1056,1075,
1056,1039,1057,
1039,1022,1040,
1179,1180,1197,
1162,1180,1163,
1196,1197,1214,
1145,1163,1146,
1213,1214,1231,
1128,1146,1129,
1230,1231,1248,
1110,1129,1111,
1247,1248,1266,
1092,1111,1093,
1265,1266,1284,
1074,1093,1075,
1320,1321,1343,
1342,1366,1367,
1342,1343,1367,
1366,1390,1391,
1390,1415,1416,
1301,1321,1322,
1301,1302,1322,
1283,1302,1303,
1283,1284,1303,
1415,1441,1416,
1135,1152,1134,
1135,1116,1134,
1098,1116,1097,
1098,1079,1097,
1061,1079,1060,
1061,1043,1060,
1009,1026,1008,
1026,1043,1025,
991,1008,1007,
992,1008,1009,
990,1007,1006,
1605,1588,1587,
1605,1604,1587,
1621,1638,1620,
1621,1604,1603,
1671,1685,1670,
1655,1638,1637,
1671,1654,1670,
1655,1654,1637,
1465,1441,1466,
1465,1490,1466,
1564,1546,1565,
1564,1583,1565,
1510,1529,1511,
1546,1529,1547,
1490,1511,1491,
1685,1669,1670,
1669,1653,1670,
1600,1583,1601,
1600,1618,1601,
1635,1618,1636,
1635,1653,1636,
1056,1075,1057,
1039,1057,1040,
1022,1040,1023,
1022,1006,1023,
1180,1197,1198,
1180,1163,1181,
1197,1214,1215,
1163,1146,1164,
1214,1231,1232,
1146,1129,1147,
1231,1248,1249,
1129,1111,1130,
1248,1266,1267,
1111,1093,1112,
1266,1284,1285,
1093,1075,1094,
1321,1343,1344,
1366,1367,1391,
1343,1367,1368,
1390,1391,1416,
1321,1322,1344,
1302,1322,1323,
1302,1303,1323,
1284,1303,1304,
1441,1416,1442,
1152,1169,1151,
1152,1134,1151,
1116,1134,1115,
1116,1097,1115,
1079,1097,1078,
1079,1060,1078,
1043,1060,1042,
1026,1008,1025,
1043,1025,1042,
1008,1007,1025,
1007,1006,1024,
1588,1570,1569,
1588,1587,1569,
1604,1587,1586,
1621,1620,1603,
1638,1620,1637,
1604,1603,1586,
1654,1670,1653,
1654,1637,1636,
1441,1466,1442,
1490,1466,1491,
1546,1565,1547,
1583,1565,1584,
1529,1511,1530,
1529,1547,1530,
1511,1491,1512,
1583,1601,1584,
1618,1601,1619,
1618,1636,1619,
1653,1636,1654,
1075,1057,1076,
1057,1040,1058,
1040,1023,1041,
1006,1023,1024,
1180,1198,1181,
1197,1198,1215,
1163,1181,1164,
1214,1215,1232,
1146,1164,1147,
1231,1232,1249,
1129,1147,1130,
1248,1249,1267,
1111,1130,1112,
1266,1267,1285,
1093,1112,1094,
1284,1285,1304,
1075,1094,1076,
1343,1344,1368,
1367,1391,1392,
1367,1368,1392,
1391,1416,1417,
1322,1344,1345,
1322,1323,1345,
1303,1323,1324,
1303,1304,1324,
1416,1442,1417,
1169,1186,1168,
1169,1151,1168,
1134,1151,1133,
1134,1115,1133,
1097,1115,1096,
1097,1078,1096,
1060,1078,1059,
1060,1042,1059,
1025,1042,1024,
1007,1025,1024,
1570,1552,1551,
1570,1569,1551,
1587,1569,1568,
1587,1586,1568,
1620,1603,1602,
1620,1637,1619,
1603,1586,1585,
1637,1636,1619,
1466,1442,1467,
1466,1491,1467,
1565,1547,1566,
1565,1584,1566,
1511,1530,1512,
1547,1530,1548,
1491,1512,1492,
1601,1584,1602,
1601,1619,1602,
1057,1076,1058,
1040,1058,1041,
1023,1041,1024,
1198,1181,1199,
1198,1215,1216,
1181,1164,1182,
1215,1232,1233,
1164,1147,1165,
1232,1249,1250,
1147,1130,1148,
1249,1267,1268,
1130,1112,1131,
1267,1285,1286,
1112,1094,1113,
1285,1304,1305,
1094,1076,1095,
1344,1368,1369,
1391,1392,1417,
1368,1392,1393,
1344,1345,1369,
1323,1345,1346,
1323,1324,1346,
1304,1324,1325,
1442,1417,1443,
1186,1203,1185,
1186,1168,1185,
1151,1168,1150,
1151,1133,1150,
1115,1133,1114,
1115,1096,1114,
1078,1096,1077,
1078,1059,1077,
1042,1059,1041,
1042,1024,1041,
1552,1535,1534,
1552,1551,1534,
1569,1551,1550,
1569,1568,1550,
1586,1568,1567,
1620,1602,1619,
1603,1602,1585,
1586,1585,1567,
1442,1467,1443,
1491,1467,1492,
1547,1566,1548,
1584,1566,1585,
1530,1512,1531,
1530,1548,1531,
1512,1492,1513,
1584,1602,1585,
1076,1058,1077,
1058,1041,1059,
1198,1199,1216,
1181,1199,1182,
1215,1216,1233,
1164,1182,1165,
1232,1233,1250,
1147,1165,1148,
1249,1250,1268,
1130,1148,1131,
1267,1268,1286,
1112,1131,1113,
1285,1286,1305,
1094,1113,1095,
1304,1305,1325,
1076,1095,1077,
1368,1369,1393,
1392,1417,1418,
1392,1393,1418,
1345,1369,1370,
1345,1346,1370,
1324,1346,1347,
1324,1325,1347,
1417,1443,1418,
1203,1220,1202,
1203,1185,1202,
1168,1185,1167,
1168,1150,1167,
1133,1150,1132,
1133,1114,1132,
1096,1114,1095,
1096,1077,1095,
1059,1077,1058,
1535,1517,1516,
1535,1534,1516,
1551,1534,1533,
1551,1550,1533,
1568,1550,1549,
1568,1567,1549,
1585,1567,1566,
1467,1443,1468,
1467,1492,1468,
1566,1548,1567,
1512,1531,1513,
1548,1531,1549,
1492,1513,1493,
1199,1216,1217,
1199,1182,1200,
1216,1233,1234,
1182,1165,1183,
1233,1250,1251,
1165,1148,1166,
1250,1268,1269,
1148,1131,1149,
1268,1286,1287,
1131,1113,1132,
1286,1305,1306,
1113,1095,1114,
1305,1325,1326,
1369,1393,1394,
1393,1418,1419,
1369,1370,1394,
1346,1370,1371,
1346,1347,1371,
1325,1347,1348,
1443,1418,1444,
1220,1237,1219,
1220,1202,1219,
1185,1202,1184,
1185,1167,1184,
1150,1167,1149,
1150,1132,1149,
1114,1132,1113,
1517,1497,1496,
1517,1516,1496,
1534,1516,1515,
1534,1533,1515,
1550,1533,1532,
1550,1549,1532,
1567,1549,1548,
1443,1468,1444,
1492,1468,1493,
1531,1513,1532,
1531,1549,1532,
1513,1493,1514,
1199,1217,1200,
1216,1217,1234,
1182,1200,1183,
1233,1234,1251,
1165,1183,1166,
1250,1251,1269,
1148,1166,1149,
1268,1269,1287,
1131,1149,1132,
1286,1287,1306,
1305,1306,1326,
1325,1326,1348,
1393,1394,1419,
1418,1419,1444,
1370,1394,1395,
1370,1371,1395,
1347,1371,1372,
1347,1348,1372,
1237,1254,1236,
1237,1219,1236,
1202,1219,1201,
1202,1184,1201,
1167,1184,1166,
1167,1149,1166,
1497,1473,1472,
1497,1496,1472,
1516,1496,1495,
1516,1515,1495,
1533,1515,1514,
1533,1532,1514,
1468,1444,1469,
1468,1493,1469,
1513,1532,1514,
1493,1514,1494,
1217,1200,1218,
1217,1234,1235,
1200,1183,1201,
1234,1251,1252,
1183,1166,1184,
1251,1269,1270,
1269,1287,1288,
1287,1306,1307,
1306,1326,1327,
1326,1348,1349,
1394,1419,1420,
1419,1444,1445,
1394,1395,1420,
1371,1395,1396,
1371,1372,1396,
1348,1372,1373,
1254,1272,1253,
1254,1236,1253,
1219,1236,1218,
1219,1201,1218,
1184,1201,1183,
1473,1449,1448,
1473,1472,1448,
1496,1472,1471,
1496,1495,1471,
1515,1495,1494,
1515,1514,1494,
1444,1469,1445,
1493,1469,1494,
1217,1218,1235,
1200,1218,1201,
1234,1235,1252,
1251,1252,1270,
1269,1270,1288,
1287,1288,1307,
1306,1307,1327,
1326,1327,1349,
1348,1349,1373,
1419,1420,1445,
1395,1420,1421,
1395,1396,1421,
1372,1396,1397,
1372,1373,1397,
1272,1290,1271,
1272,1253,1271,
1236,1253,1235,
1236,1218,1235,
1449,1424,1423,
1449,1448,1423,
1472,1448,1447,
1472,1471,1447,
1495,1471,1470,
1495,1494,1470,
1469,1445,1470,
1469,1494,1470,
1235,1252,1253,
1252,1270,1271,
1270,1288,1289,
1288,1307,1308,
1307,1327,1328,
1327,1349,1350,
1349,1373,1374,
1420,1445,1446,
1420,1421,1446,
1396,1421,1422,
1396,1397,1422,
1373,1397,1398,
1290,1271,1289,
1253,1271,1252,
1424,1399,1398,
1424,1423,1398,
1448,1423,1422,
1448,1447,1422,
1471,1447,1446,
1471,1470,1446,
1445,1470,1446,
1270,1271,1289,
1288,1289,1308,
1307,1308,1328,
1327,1328,1350,
1349,1350,1374,
1373,1374,1398,
1421,1446,1447,
1421,1422,1447,
1397,1422,1423,
1397,1398,1423,
1290,1289,1309,
1399,1398,1374,
1289,1308,1309,
1308,1328,1329,
1328,1350,1351,
1350,1374,1375,
1399,1374,1375,
1308,1309,1329,
1328,1329,1351,
1350,1351,1375,

