0,13,12,
0,13,1,
13,12,27,
13,1,14,
13,27,28,
13,14,28,
1,14,2,
61,60,123,
27,28,62,
27,252,62,
99,100,163,
99,98,162,
14,28,29,
14,2,15,
60,59,122,
61,123,124,
60,123,122,
28,62,63,
252,62,125,
99,163,162,
100,163,164,
98,162,161,
14,29,15,
28,29,63,
2,15,3,
59,58,121,
59,122,121,
123,124,187,
123,122,186,
62,63,125,
706,640,707,
252,125,188,
46,47,109,
100,101,164,
163,162,226,
163,164,227,
98,97,161,
162,161,225,
29,15,30,
29,63,64,
15,3,16,
58,57,120,
58,121,120,
122,121,185,
123,187,186,
122,186,185,
63,125,126,
640,575,641,
706,707,773,
640,707,641,
252,188,253,
125,188,126,
47,48,110,
46,109,108,
47,109,110,
101,164,165,
101,102,165,
163,226,227,
162,226,225,
164,227,228,
97,161,160,
161,225,224,
29,30,64,
15,30,16,
63,64,126,
3,16,4,
57,56,119,
57,120,119,
121,120,184,
121,185,184,
187,186,249,
187,251,250,
186,185,248,
252,317,253,
575,641,576,
707,773,774,
707,641,708,
188,253,189,
188,126,189,
48,49,111,
48,110,111,
46,108,107,
109,108,172,
109,110,173,
164,165,228,
102,103,166,
102,165,166,
226,227,292,
226,225,291,
227,228,293,
97,160,96,
161,160,224,
225,224,290,
30,64,65,
30,16,31,
64,126,127,
16,4,17,
56,55,118,
56,119,118,
120,119,183,
120,184,183,
185,184,248,
187,249,250,
186,249,248,
251,250,315,
317,253,318,
575,382,447,
317,382,318,
575,576,511,
641,576,642,
773,839,774,
707,774,708,
641,708,642,
253,189,254,
126,189,127,
49,50,112,
49,111,112,
110,111,174,
108,107,171,
109,172,173,
108,172,171,
110,173,174,
165,228,229,
103,104,167,
103,166,167,
165,166,229,
226,292,291,
227,292,293,
225,291,290,
228,293,294,
160,96,159,
160,224,223,
4,5,17,
224,290,289,
30,65,31,
64,65,127,
16,31,17,
55,54,117,
55,118,117,
119,118,182,
119,183,182,
184,183,247,
184,248,247,
249,250,314,
249,248,313,
251,315,316,
250,315,314,
253,318,254,
575,447,511,
382,447,383,
382,318,383,
576,511,512,
576,642,577,
839,774,840,
774,708,775,
708,642,709,
189,254,190,
189,127,190,
50,51,113,
50,112,113,
111,112,175,
111,174,175,
107,106,170,
107,171,170,
172,173,236,
172,171,235,
173,174,237,
228,229,294,
104,105,168,
104,167,168,
166,167,230,
166,229,230,
292,291,357,
292,293,358,
291,290,356,
293,294,359,
160,159,223,
96,159,95,
224,223,289,
5,17,18,
290,289,355,
65,31,66,
65,127,128,
31,17,32,
54,53,116,
54,117,116,
118,117,181,
118,182,181,
183,182,246,
183,247,246,
248,247,312,
249,314,313,
248,313,312,
315,316,380,
315,314,379,
318,254,319,
447,511,448,
447,383,448,
318,383,319,
576,512,577,
511,512,448,
642,577,643,
839,905,840,
970,905,906,
774,840,775,
708,775,709,
642,709,643,
254,190,255,
127,190,128,
51,52,114,
51,113,114,
112,113,176,
112,175,176,
174,175,238,
106,105,169,
106,170,169,
171,170,234,
172,236,235,
173,236,237,
171,235,234,
174,237,238,
229,294,295,
105,168,169,
167,168,231,
167,230,231,
229,230,295,
292,357,358,
291,357,356,
293,358,359,
290,356,355,
294,359,360,
5,6,18,
159,223,222,
159,95,158,
223,289,288,
17,18,32,
289,355,354,
65,66,128,
31,66,32,
53,52,115,
53,116,115,
117,116,180,
117,181,180,
182,181,245,
182,246,245,
247,246,311,
247,312,311,
314,313,378,
313,312,377,
315,380,379,
316,380,381,
314,379,378,
254,319,255,
383,448,384,
383,319,384,
512,577,513,
512,448,449,
577,643,578,
905,840,906,
970,906,971,
840,775,841,
775,709,776,
709,643,710,
190,255,191,
190,128,191,
52,114,115,
113,114,177,
113,176,177,
175,176,239,
175,238,239,
170,169,233,
170,234,233,
236,235,301,
236,237,302,
235,234,300,
237,238,303,
294,295,360,
168,169,232,
168,231,232,
230,231,296,
230,295,296,
357,358,423,
357,356,422,
358,359,424,
356,355,421,
359,360,425,
6,7,19,
6,18,19,
159,222,158,
223,222,288,
95,158,94,
289,288,354,
18,32,33,
355,354,420,
66,128,129,
66,32,67,
116,115,179,
116,180,179,
181,180,244,
181,245,244,
246,245,310,
246,311,310,
312,311,376,
313,378,377,
312,377,376,
380,379,444,
380,381,445,
379,378,443,
319,255,320,
448,384,449,
319,384,320,
512,513,449,
577,513,578,
643,578,644,
840,906,841,
970,971,1035,
906,971,907,
775,841,776,
709,776,710,
643,710,644,
255,191,256,
128,191,129,
114,115,178,
114,177,178,
176,177,240,
176,239,240,
238,239,304,
169,233,232,
234,233,299,
236,301,302,
235,301,300,
237,302,303,
234,300,299,
238,303,304,
295,360,361,
231,232,297,
231,296,297,
295,296,361,
357,423,422,
358,423,424,
356,422,421,
359,424,425,
355,421,420,
360,425,426,
7,19,20,
18,19,33,
222,158,221,
222,288,287,
158,94,157,
288,354,353,
32,33,67,
354,420,419,
66,129,67,
115,179,178,
180,179,243,
180,244,243,
245,244,310,
311,310,375,
311,376,375,
378,377,442,
377,376,441,
380,444,445,
379,444,443,
381,445,446,
378,443,442,
255,320,256,
384,449,385,
384,320,385,
513,449,450,
513,578,514,
578,644,579,
906,841,907,
970,1035,1098,
971,1035,972,
971,907,972,
841,776,842,
776,710,777,
710,644,711,
191,256,192,
191,129,192,
177,178,241,
177,240,241,
239,240,305,
239,304,305,
233,232,298,
233,299,298,
301,302,367,
301,300,366,
302,303,368,
300,299,365,
303,304,369,
360,361,426,
232,297,298,
296,297,362,
296,361,362,
423,422,488,
423,424,489,
422,421,487,
424,425,490,
421,420,486,
425,426,491,
7,8,20,
19,20,34,
19,33,34,
222,221,287,
158,221,157,
288,287,353,
94,93,157,
354,353,419,
33,67,68,
420,419,485,
129,67,130,
179,178,242,
179,243,242,
244,243,309,
244,310,309,
310,375,374,
376,375,440,
377,442,441,
376,441,440,
444,445,509,
444,443,508,
445,446,510,
443,442,507,
320,256,321,
449,385,450,
320,385,321,
513,450,514,
578,514,579,
644,579,645,
841,907,842,
970,1098,1161,
1035,1098,1036,
1035,972,1036,
907,972,908,
776,842,777,
710,777,711,
644,711,645,
256,192,257,
129,192,130,
178,241,242,
240,241,306,
240,305,306,
304,305,370,
299,298,364,
301,367,366,
302,367,368,
300,366,365,
303,368,369,
299,365,364,
304,369,370,
361,426,427,
297,298,363,
297,362,363,
361,362,427,
423,488,489,
422,488,487,
424,489,490,
421,487,486,
425,490,491,
420,486,485,
426,491,492,
8,20,21,
8,9,21,
20,34,35,
33,34,68,
221,287,286,
221,157,220,
287,353,352,
93,92,156,
93,157,156,
353,419,418,
67,68,130,
419,485,484,
243,242,308,
243,309,308,
310,309,374,
375,374,439,
375,440,439,
442,441,506,
441,440,505,
444,509,508,
445,509,510,
443,508,507,
442,507,506,
256,321,257,
385,450,386,
385,321,386,
450,514,451,
514,579,515,
579,645,580,
907,842,908,
1098,1161,1099,
1098,1036,1099,
972,1036,973,
972,908,973,
842,777,843,
777,711,778,
711,645,712,
192,257,193,
192,130,193,
241,242,307,
241,306,307,
305,306,371,
305,370,371,
298,364,363,
367,366,432,
367,368,433,
366,365,431,
368,369,434,
365,364,430,
369,370,435,
426,427,492,
362,363,428,
362,427,428,
488,489,553,
488,487,552,
489,490,554,
487,486,551,
490,491,555,
486,485,550,
491,492,556,
20,21,35,
11,10,23,
9,10,22,
9,21,22,
34,35,69,
34,68,69,
221,286,220,
287,286,352,
157,220,156,
353,352,418,
92,91,155,
92,156,155,
419,418,484,
68,130,131,
485,484,549,
242,308,307,
309,308,373,
309,374,373,
374,439,438,
440,439,504,
441,506,505,
440,505,504,
509,508,572,
509,510,573,
508,507,571,
510,574,573,
507,506,570,
321,257,322,
450,386,451,
321,386,322,
514,451,515,
579,515,580,
645,580,646,
842,908,843,
1161,1220,1162,
1161,1099,1162,
1036,1099,1037,
1036,973,1037,
908,973,909,
777,843,778,
711,778,712,
645,712,646,
257,193,258,
130,193,131,
306,307,372,
306,371,372,
370,371,436,
364,363,429,
367,432,433,
366,432,431,
368,433,434,
365,431,430,
369,434,435,
364,430,429,
370,435,436,
427,492,493,
363,428,429,
427,428,493,
488,553,552,
489,553,554,
487,552,551,
490,554,555,
486,551,550,
491,555,556,
485,550,549,
492,556,557,
21,35,36,
11,23,24,
10,23,22,
21,22,36,
35,69,70,
68,69,131,
286,220,285,
286,352,351,
220,156,219,
352,418,417,
91,90,154,
91,155,154,
156,155,219,
418,484,483,
484,549,548,
308,307,373,
374,373,438,
439,438,503,
439,504,503,
506,505,569,
505,504,568,
509,572,573,
508,572,571,
507,571,570,
574,639,638,
574,573,638,
506,570,569,
257,322,258,
386,451,387,
386,322,387,
451,515,452,
515,580,516,
580,646,581,
908,843,909,
1220,1277,1221,
1220,1162,1221,
1099,1162,1100,
1099,1037,1100,
973,1037,974,
973,909,974,
843,778,844,
778,712,779,
712,646,713,
193,258,194,
193,131,194,
307,372,373,
371,372,437,
371,436,437,
432,433,498,
432,431,497,
433,434,499,
431,430,496,
434,435,500,
430,429,495,
435,436,500,
492,493,557,
428,429,494,
428,493,494,
553,552,618,
553,554,619,
552,551,617,
554,555,620,
551,550,616,
555,556,621,
550,549,615,
556,557,622,
35,36,70,
11,24,25,
23,24,38,
23,22,37,
22,36,37,
69,70,132,
69,131,132,
286,285,351,
220,285,219,
352,351,417,
418,417,483,
90,89,153,
90,154,153,
155,154,218,
155,219,218,
484,483,548,
549,548,614,
373,438,437,
438,503,502,
504,503,567,
505,569,568,
504,568,567,
572,573,637,
572,571,636,
571,570,635,
639,705,704,
639,638,704,
573,638,637,
570,569,634,
322,258,323,
451,387,452,
322,387,323,
515,452,516,
580,516,581,
646,581,647,
843,909,844,
1277,1333,1278,
1277,1221,1278,
1162,1221,1163,
1162,1100,1163,
1037,1100,1038,
1037,974,1038,
909,974,910,
778,844,779,
712,779,713,
646,713,647,
258,194,259,
131,194,132,
372,373,437,
436,437,501,
432,498,497,
433,498,499,
431,497,496,
434,499,500,
430,496,495,
429,495,494,
436,500,501,
493,557,558,
493,494,558,
553,618,619,
552,618,617,
554,619,620,
551,617,616,
555,620,621,
550,616,615,
556,621,622,
549,615,614,
557,622,623,
36,70,71,
24,25,39,
23,38,37,
24,38,39,
36,37,71,
70,132,133,
285,351,350,
285,219,284,
351,417,416,
417,483,482,
89,88,152,
89,153,152,
154,153,217,
154,218,217,
219,218,284,
483,548,547,
548,614,613,
438,437,502,
503,502,566,
503,567,566,
569,568,633,
568,567,632,
572,637,636,
571,636,635,
570,635,634,
705,772,771,
705,704,771,
638,704,703,
638,637,703,
569,634,633,
258,323,259,
387,452,388,
387,323,388,
452,516,453,
516,581,517,
581,647,582,
909,844,910,
1333,1389,1334,
1333,1278,1334,
1221,1278,1222,
1221,1163,1222,
1100,1163,1101,
1100,1038,1101,
974,1038,975,
974,910,975,
844,779,845,
779,713,780,
713,647,714,
194,259,195,
194,132,195,
437,501,502,
498,497,562,
498,499,563,
497,496,561,
499,500,563,
496,495,560,
495,494,559,
500,501,564,
557,558,623,
494,558,559,
618,619,685,
618,617,684,
619,620,686,
617,616,683,
620,621,687,
616,615,682,
621,622,688,
615,614,681,
622,623,689,
70,71,133,
25,26,40,
25,39,40,
38,37,72,
38,39,73,
37,71,72,
132,133,195,
285,350,284,
351,350,416,
417,416,482,
483,482,547,
88,87,151,
88,152,151,
153,152,216,
153,217,216,
218,217,283,
218,284,283,
548,547,613,
614,613,680,
502,566,565,
567,566,631,
568,633,632,
567,632,631,
637,636,702,
636,635,701,
635,634,700,
772,771,838,
704,771,770,
704,703,770,
637,703,702,
634,633,699,
323,259,324,
452,388,453,
323,388,324,
516,453,517,
581,517,582,
647,582,648,
844,910,845,
1389,1443,1390,
1389,1334,1390,
1278,1334,1279,
1278,1222,1279,
1163,1222,1164,
1163,1101,1164,
1038,1101,1039,
1038,975,1039,
910,975,911,
779,845,780,
713,780,714,
647,714,648,
259,195,260,
501,502,565,
498,562,563,
497,562,561,
496,561,560,
500,563,564,
495,560,559,
501,564,565,
558,623,624,
558,559,624,
618,685,684,
619,685,686,
617,684,683,
620,686,687,
616,683,682,
621,687,688,
615,682,681,
622,688,689,
614,681,680,
623,689,690,
71,133,134,
26,40,41,
39,40,74,
38,72,73,
39,73,74,
71,72,134,
133,195,196,
350,284,349,
350,416,415,
416,482,481,
482,547,546,
87,151,150,
152,151,215,
152,216,215,
217,216,282,
217,283,282,
284,283,349,
547,613,612,
613,680,679,
566,565,630,
566,631,630,
633,632,698,
632,631,697,
636,702,701,
635,701,700,
634,700,699,
771,838,837,
771,770,837,
703,770,769,
703,702,769,
633,699,698,
259,324,260,
388,453,389,
388,324,389,
453,517,454,
517,582,518,
582,648,583,
910,845,911,
1443,1491,1444,
1443,1390,1444,
1334,1390,1335,
1334,1279,1335,
1222,1279,1223,
1222,1164,1223,
1101,1164,1102,
1101,1039,1102,
975,1039,976,
975,911,976,
845,780,846,
780,714,781,
714,648,715,
195,260,196,
562,563,627,
562,561,627,
561,560,626,
563,564,628,
560,559,625,
564,565,629,
623,624,690,
559,624,625,
685,684,752,
685,686,753,
684,683,751,
686,687,754,
683,682,750,
687,688,755,
682,681,749,
688,689,756,
681,680,748,
689,690,757,
133,134,196,
45,44,79,
26,41,42,
40,41,75,
40,74,75,
72,73,135,
73,74,136,
72,134,135,
350,349,415,
416,415,481,
482,481,546,
547,546,612,
87,86,150,
151,150,214,
151,215,214,
216,215,281,
216,282,281,
283,282,348,
283,349,348,
613,612,679,
680,679,747,
565,630,629,
631,630,696,
632,698,697,
631,697,696,
702,701,768,
701,700,767,
700,699,766,
904,838,903,
838,837,903,
770,837,836,
770,769,836,
702,769,768,
699,698,765,
324,260,325,
453,389,454,
324,389,325,
517,454,518,
582,518,583,
648,583,649,
845,911,846,
1491,1533,1492,
1491,1444,1492,
1390,1444,1391,
1390,1335,1391,
1279,1335,1280,
1279,1223,1280,
1164,1223,1165,
1164,1102,1165,
1039,1102,1040,
1039,976,1040,
911,976,912,
780,846,781,
714,781,715,
648,715,649,
260,196,261,
563,627,628,
561,627,626,
560,626,625,
564,628,629,
624,690,691,
624,625,691,
685,752,753,
684,752,751,
686,753,754,
683,751,750,
687,754,755,
682,750,749,
688,755,756,
681,749,748,
689,756,757,
680,748,747,
690,757,758,
134,196,197,
44,43,78,
45,79,80,
44,79,78,
41,42,76,
41,75,76,
74,75,137,
73,135,136,
74,136,137,
134,135,197,
349,415,414,
415,481,480,
481,546,545,
546,612,611,
86,150,149,
86,85,149,
150,214,213,
215,214,280,
215,281,280,
282,281,347,
282,348,347,
349,348,414,
612,679,678,
679,747,746,
630,629,695,
630,696,695,
698,697,764,
697,696,763,
701,768,767,
700,767,766,
699,766,765,
904,903,969,
837,903,902,
837,836,902,
769,836,835,
769,768,835,
698,765,764,
260,325,261,
389,454,390,
389,325,390,
454,518,455,
518,583,519,
583,649,584,
911,846,912,
1533,1492,1534,
1444,1492,1445,
1444,1391,1445,
1335,1391,1336,
1335,1280,1336,
1223,1280,1224,
1223,1165,1224,
1102,1165,1103,
1102,1040,1103,
976,1040,977,
976,912,977,
846,781,847,
781,715,782,
715,649,716,
196,261,197,
627,628,693,
627,626,693,
626,625,692,
628,629,694,
690,691,758,
625,691,692,
752,753,820,
752,751,819,
753,754,821,
751,750,818,
754,755,822,
750,749,817,
755,756,823,
749,748,816,
756,757,824,
748,747,815,
757,758,825,
43,42,77,
43,78,77,
45,80,81,
79,80,142,
79,78,141,
42,76,77,
75,76,138,
75,137,138,
135,136,198,
136,137,199,
135,197,198,
415,414,480,
481,480,545,
546,545,611,
612,611,678,
150,149,213,
85,84,148,
85,149,148,
214,213,279,
214,280,279,
281,280,346,
281,347,346,
348,347,413,
348,414,413,
679,678,746,
747,746,814,
629,695,694,
696,695,762,
697,764,763,
696,763,762,
768,767,834,
767,766,833,
766,765,832,
903,969,968,
1629,1665,1664,
1629,1628,1664,
1034,969,1033,
903,902,968,
836,902,901,
836,835,901,
768,835,834,
765,764,831,
325,261,326,
454,390,455,
325,390,326,
518,455,519,
583,519,584,
649,584,650,
846,912,847,
1533,1534,1569,
1492,1534,1493,
1492,1445,1493,
1391,1445,1392,
1391,1336,1392,
1280,1336,1281,
1280,1224,1281,
1165,1224,1166,
1165,1103,1166,
1040,1103,1041,
1040,977,1041,
912,977,913,
781,847,782,
715,782,716,
649,716,650,
261,197,262,
628,693,694,
626,693,692,
691,758,759,
691,692,759,
752,820,819,
753,820,821,
751,819,818,
754,821,822,
750,818,817,
755,822,823,
749,817,816,
756,823,824,
748,816,815,
757,824,825,
747,815,814,
758,825,826,
78,77,140,
80,81,143,
79,142,141,
80,142,143,
78,141,140,
76,77,139,
76,138,139,
137,138,200,
136,198,199,
137,199,200,
197,198,262,
414,480,479,
480,545,544,
545,611,610,
611,678,677,
149,213,212,
84,83,147,
84,148,147,
149,148,212,
213,279,278,
280,279,345,
280,346,345,
347,346,412,
347,413,412,
414,413,479,
678,746,745,
746,814,813,
695,694,761,
695,762,761,
764,763,830,
763,762,829,
767,834,833,
766,833,832,
765,832,831,
969,968,1033,
1665,1664,1700,
1628,1664,1663,
1034,1033,1097,
1160,1097,1159,
902,968,967,
902,901,967,
835,901,900,
835,834,900,
764,831,830,
261,326,262,
390,455,391,
390,326,391,
455,519,456,
519,584,520,
584,650,585,
912,847,913,
1533,1569,1599,
1534,1569,1535,
1534,1493,1535,
1445,1493,1446,
1445,1392,1446,
1336,1392,1337,
1336,1281,1337,
1224,1281,1225,
1224,1166,1225,
1103,1166,1104,
1103,1041,1104,
977,1041,978,
977,913,978,
847,782,848,
782,716,783,
716,650,717,
693,694,760,
693,692,760,
758,759,826,
692,759,760,
820,819,886,
820,821,887,
819,818,885,
821,822,888,
818,817,884,
822,823,889,
817,816,883,
823,824,890,
816,815,882,
824,825,891,
815,814,881,
825,826,892,
77,140,139,
81,82,144,
81,143,144,
142,141,204,
142,143,205,
141,140,203,
138,139,201,
138,200,201,
198,199,263,
199,200,264,
198,262,263,
480,479,544,
545,544,610,
611,610,677,
678,677,745,
213,212,278,
83,82,146,
83,147,146,
148,147,211,
148,212,211,
279,278,344,
279,345,344,
346,345,411,
346,412,411,
413,412,478,
413,479,478,
746,745,813,
814,813,880,
694,761,760,
762,761,828,
763,830,829,
762,829,828,
834,833,899,
833,832,898,
832,831,897,
968,1033,1032,
1664,1700,1699,
1662,1697,1696,
1664,1663,1699,
1033,1097,1096,
1160,1219,1159,
1097,1159,1096,
968,967,1032,
901,967,966,
901,900,966,
834,900,899,
831,830,896,
326,262,327,
455,391,456,
326,391,327,
519,456,520,
584,520,585,
650,585,651,
847,913,848,
1533,1599,1631,
1569,1599,1570,
1569,1535,1570,
1493,1535,1494,
1493,1446,1494,
1392,1446,1393,
1392,1337,1393,
1281,1337,1282,
1281,1225,1282,
1166,1225,1167,
1166,1104,1167,
1041,1104,1042,
1041,978,1042,
913,978,914,
782,848,783,
716,783,717,
650,717,651,
759,826,760,
820,886,887,
819,886,885,
821,887,888,
818,885,884,
822,888,889,
817,884,883,
823,889,890,
816,883,882,
824,890,891,
815,882,881,
825,891,892,
814,881,880,
826,892,827,
140,139,202,
82,144,145,
143,144,206,
142,204,205,
141,204,203,
143,205,206,
140,203,202,
139,201,202,
200,201,265,
199,263,264,
200,264,265,
262,263,327,
479,544,543,
544,610,609,
610,677,676,
677,745,744,
212,278,277,
82,146,145,
147,146,210,
147,211,210,
212,211,277,
278,344,343,
345,344,410,
345,411,410,
412,411,477,
412,478,477,
479,478,543,
745,813,812,
813,880,879,
761,760,827,
761,828,827,
830,829,895,
829,828,894,
833,899,898,
832,898,897,
831,897,896,
1033,1032,1096,
1700,1699,1734,
1662,1661,1696,
1627,1661,1660,
1697,1663,1698,
1697,1696,1731,
1663,1699,1698,
1219,1159,1158,
1627,1626,1660,
1159,1096,1158,
967,1032,1031,
967,966,1031,
900,966,965,
900,899,965,
830,896,895,
391,456,392,
391,327,392,
456,520,457,
520,585,521,
585,651,586,
913,848,914,
1599,1631,1600,
1599,1570,1600,
1535,1570,1536,
1535,1494,1536,
1446,1494,1447,
1446,1393,1447,
1337,1393,1338,
1337,1282,1338,
1225,1282,1226,
1225,1167,1226,
1104,1167,1105,
1104,1042,1105,
978,1042,979,
978,914,979,
848,783,849,
783,717,784,
717,651,718,
826,760,827,
886,887,953,
886,885,952,
887,888,954,
885,884,951,
888,889,955,
884,883,950,
889,890,956,
883,882,949,
890,891,957,
882,881,948,
891,892,958,
881,880,947,
892,827,893,
144,145,207,
144,206,207,
204,205,269,
204,203,268,
205,206,270,
203,202,267,
201,202,266,
201,265,266,
263,264,328,
264,265,329,
263,327,328,
544,543,609,
610,609,676,
677,676,744,
745,744,812,
278,277,343,
146,145,209,
146,210,209,
211,210,276,
211,277,276,
344,343,409,
344,410,409,
411,410,476,
411,477,476,
478,477,542,
478,543,542,
813,812,879,
880,879,946,
828,827,893,
829,895,894,
828,894,893,
899,898,964,
898,897,963,
897,896,962,
1032,1096,1095,
1699,1734,1733,
1661,1696,1695,
1661,1660,1695,
1697,1698,1732,
1697,1731,1732,
1696,1731,1730,
1699,1698,1733,
1626,1660,1659,
1096,1158,1095,
1032,1031,1095,
966,1031,1030,
966,965,1030,
899,965,964,
896,895,961,
456,392,457,
327,392,328,
520,457,521,
585,521,586,
651,586,652,
848,914,849,
1631,1666,1632,
1631,1600,1632,
1570,1600,1571,
1570,1536,1571,
1494,1536,1495,
1494,1447,1495,
1393,1447,1394,
1393,1338,1394,
1282,1338,1283,
1282,1226,1283,
1167,1226,1168,
1167,1105,1168,
1042,1105,1043,
1042,979,1043,
914,979,915,
783,849,784,
717,784,718,
651,718,652,
886,953,952,
887,953,954,
885,952,951,
888,954,955,
884,951,950,
889,955,956,
883,950,949,
890,956,957,
882,949,948,
891,957,958,
881,948,947,
892,958,959,
880,947,946,
892,893,959,
145,207,208,
206,207,271,
204,269,268,
205,269,270,
203,268,267,
206,270,271,
202,267,266,
265,266,330,
264,328,329,
265,329,330,
543,609,608,
609,676,675,
676,744,743,
744,812,811,
277,343,342,
145,209,208,
210,209,275,
210,276,275,
277,276,342,
343,409,408,
410,409,475,
410,476,475,
477,476,541,
477,542,541,
543,542,608,
812,879,878,
879,946,945,
895,894,960,
894,893,959,
898,964,963,
897,963,962,
896,962,961,
1696,1695,1730,
1660,1695,1694,
1698,1732,1733,
1731,1732,1765,
1731,1730,1765,
1158,1157,1095,
1660,1659,1694,
1031,1095,1094,
1031,1030,1094,
965,1030,1029,
965,964,1029,
895,961,960,
392,457,393,
392,328,393,
457,521,458,
521,586,522,
586,652,587,
914,849,915,
1666,1701,1667,
1666,1632,1667,
1600,1632,1601,
1600,1571,1601,
1536,1571,1537,
1536,1495,1537,
1447,1495,1448,
1447,1394,1448,
1338,1394,1339,
1338,1283,1339,
1226,1283,1227,
1226,1168,1227,
1105,1168,1106,
1105,1043,1106,
979,1043,980,
979,915,980,
849,784,850,
784,718,785,
718,652,719,
953,952,1018,
953,954,1019,
952,951,1017,
954,955,1020,
951,950,1016,
955,956,1021,
950,949,1015,
956,957,1022,
949,948,1014,
957,958,1023,
948,947,1013,
958,959,1024,
947,946,1012,
207,208,272,
207,271,272,
269,268,333,
269,270,334,
268,267,332,
270,271,335,
267,266,331,
266,330,331,
328,329,393,
329,330,394,
609,608,675,
676,675,743,
744,743,811,
812,811,878,
343,342,408,
209,208,274,
209,275,274,
276,275,341,
276,342,341,
409,408,474,
409,475,474,
476,475,540,
476,541,540,
542,541,607,
542,608,607,
879,878,945,
946,945,1011,
894,960,959,
964,963,1028,
963,962,1027,
962,961,1026,
1695,1730,1729,
1695,1694,1729,
1730,1765,1764,
1157,1095,1094,
1659,1692,1693,
1659,1694,1693,
1532,1568,1531,
1030,1094,1093,
1030,1029,1093,
964,1029,1028,
961,960,1025,
457,393,458,
521,458,522,
586,522,587,
652,587,653,
849,915,850,
1701,1735,1702,
1701,1667,1702,
1632,1667,1633,
1632,1601,1633,
1571,1601,1572,
1571,1537,1572,
1495,1537,1496,
1495,1448,1496,
1394,1448,1395,
1394,1339,1395,
1283,1339,1284,
1283,1227,1284,
1168,1227,1169,
1168,1106,1169,
1043,1106,1044,
1043,980,1044,
915,980,916,
784,850,785,
718,785,719,
652,719,653,
953,1018,1019,
952,1018,1017,
954,1019,1020,
951,1017,1016,
955,1020,1021,
950,1016,1015,
956,1021,1022,
949,1015,1014,
957,1022,1023,
948,1014,1013,
958,1023,1024,
947,1013,1012,
959,1024,960,
946,1012,1011,
208,272,273,
271,272,336,
269,333,334,
268,333,332,
270,334,335,
267,332,331,
271,335,336,
330,331,395,
329,393,394,
330,394,395,
608,675,674,
675,743,742,
743,811,810,
811,878,877,
342,408,407,
208,274,273,
275,274,340,
275,341,340,
342,341,407,
408,474,473,
475,474,539,
475,540,539,
541,540,606,
541,607,606,
608,607,674,
878,945,944,
945,1011,1010,
963,1028,1027,
962,1027,1026,
961,1026,1025,
1858,1889,1857,
1858,1826,1825,
1730,1729,1764,
1694,1729,1728,
1765,1794,1764,
1157,1094,1156,
1692,1693,1727,
1694,1693,1728,
1532,1531,1490,
1568,1531,1567,
1218,1156,1155,
1218,1276,1217,
1094,1093,1156,
1029,1093,1092,
1029,1028,1092,
960,1025,1024,
393,458,394,
458,522,459,
522,587,523,
587,653,588,
915,850,916,
1735,1766,1736,
1735,1702,1736,
1667,1702,1668,
1667,1633,1668,
1601,1633,1602,
1601,1572,1602,
1537,1572,1538,
1537,1496,1538,
1448,1496,1449,
1448,1395,1449,
1339,1395,1340,
1339,1284,1340,
1227,1284,1228,
1227,1169,1228,
1106,1169,1107,
1106,1044,1107,
980,1044,981,
980,916,981,
850,785,851,
785,719,786,
719,653,720,
1018,1019,1083,
1018,1017,1082,
1019,1020,1084,
1017,1016,1081,
1020,1021,1085,
1016,1015,1080,
1021,1022,1086,
1015,1014,1079,
1022,1023,1087,
1014,1013,1078,
1023,1024,1088,
1013,1012,1077,
1012,1011,1076,
272,273,337,
272,336,337,
333,334,398,
333,332,397,
334,335,399,
332,331,396,
335,336,400,
331,395,396,
394,395,459,
675,674,742,
743,742,810,
811,810,877,
878,877,944,
408,407,473,
274,273,338,
274,340,339,
341,340,406,
341,407,406,
474,473,538,
474,539,538,
540,539,605,
540,606,605,
607,606,673,
607,674,673,
945,944,1010,
1011,1010,1075,
1028,1027,1091,
1027,1026,1090,
1026,1025,1089,
1889,1920,1888,
1858,1857,1825,
1889,1857,1888,
1826,1794,1793,
1826,1825,1793,
1729,1764,1763,
1729,1728,1763,
1794,1764,1793,
1692,1725,1726,
1692,1727,1726,
1693,1727,1728,
1531,1490,1489,
1568,1567,1597,
1531,1567,1530,
1218,1155,1154,
1156,1155,1093,
1218,1217,1154,
1276,1217,1216,
1093,1092,1155,
1028,1092,1091,
1025,1024,1089,
458,394,459,
522,459,523,
587,523,588,
653,588,654,
850,916,851,
1766,1795,1767,
1766,1736,1767,
1702,1736,1703,
1702,1668,1703,
1633,1668,1634,
1633,1602,1634,
1572,1602,1573,
1572,1538,1573,
1496,1538,1497,
1496,1449,1497,
1395,1449,1396,
1395,1340,1396,
1284,1340,1285,
1284,1228,1285,
1169,1228,1170,
1169,1107,1170,
1044,1107,1045,
1044,981,1045,
916,981,917,
785,851,786,
719,786,720,
653,720,654,
1018,1083,1082,
1019,1083,1084,
1017,1082,1081,
1020,1084,1085,
1016,1081,1080,
1021,1085,1086,
1015,1080,1079,
1022,1086,1087,
1014,1079,1078,
1023,1087,1088,
1013,1078,1077,
1024,1088,1089,
1012,1077,1076,
1011,1076,1075,
273,337,338,
336,337,401,
333,398,397,
334,398,399,
332,397,396,
335,399,400,
336,400,401,
395,396,460,
395,459,460,
674,742,741,
742,810,809,
810,877,876,
877,944,943,
407,473,472,
274,338,339,
340,339,405,
340,406,405,
407,406,472,
473,538,537,
539,538,604,
539,605,604,
606,605,672,
606,673,672,
674,673,741,
944,1010,1009,
1010,1075,1074,
1027,1091,1090,
1026,1090,1089,
1920,1947,1919,
1920,1888,1919,
1857,1825,1824,
1857,1888,1856,
1825,1793,1792,
1764,1763,1793,
1728,1763,1762,
1725,1726,1760,
1727,1726,1761,
1727,1728,1762,
1490,1442,1441,
1531,1489,1530,
1490,1489,1441,
1567,1597,1566,
1567,1530,1566,
1155,1154,1092,
1388,1442,1387,
1276,1332,1275,
1388,1332,1331,
1217,1154,1153,
1276,1216,1275,
1217,1216,1153,
1092,1091,1154,
459,523,460,
523,588,524,
588,654,589,
916,851,917,
1795,1767,1796,
1736,1767,1737,
1736,1703,1737,
1668,1703,1669,
1668,1634,1669,
1602,1634,1603,
1602,1573,1603,
1538,1573,1539,
1538,1497,1539,
1449,1497,1450,
1449,1396,1450,
1340,1396,1341,
1340,1285,1341,
1228,1285,1229,
1228,1170,1229,
1107,1170,1108,
1107,1045,1108,
981,1045,982,
981,917,982,
851,786,852,
786,720,787,
720,654,721,
1083,1082,1146,
1083,1084,1147,
1082,1081,1145,
1084,1085,1148,
1081,1080,1144,
1085,1086,1149,
1080,1079,1143,
1086,1087,1150,
1079,1078,1142,
1087,1088,1151,
1078,1077,1141,
1088,1089,1152,
1077,1076,1140,
1076,1075,1139,
337,338,402,
337,401,402,
398,397,462,
398,399,463,
397,396,461,
399,400,464,
400,401,465,
396,460,461,
742,741,809,
810,809,876,
877,876,943,
944,943,1009,
473,472,537,
338,339,403,
339,405,404,
406,405,471,
406,472,471,
538,537,603,
538,604,603,
605,604,671,
605,672,671,
673,672,740,
673,741,740,
1010,1009,1074,
1075,1074,1138,
1091,1090,1153,
1090,1089,1153,
1947,1973,1946,
1947,1919,1946,
1888,1919,1887,
1857,1824,1856,
1825,1824,1792,
1888,1856,1887,
1793,1792,1763,
1763,1762,1792,
1725,1760,1759,
1726,1760,1761,
1658,1691,1657,
1727,1761,1762,
1442,1441,1387,
1489,1530,1488,
1489,1441,1440,
1597,1566,1596,
1530,1566,1529,
1388,1387,1331,
1332,1275,1274,
1332,1331,1274,
1154,1153,1091,
1216,1275,1215,
1216,1153,1152,
523,460,524,
588,524,589,
654,589,655,
851,917,852,
1795,1796,1827,
1767,1796,1768,
1767,1737,1768,
1703,1737,1704,
1703,1669,1704,
1634,1669,1635,
1634,1603,1635,
1573,1603,1574,
1573,1539,1574,
1497,1539,1498,
1497,1450,1498,
1396,1450,1397,
1396,1341,1397,
1285,1341,1286,
1285,1229,1286,
1170,1229,1171,
1170,1108,1171,
1045,1108,1046,
1045,982,1046,
917,982,918,
786,852,787,
720,787,721,
654,721,655,
1083,1146,1147,
1082,1146,1145,
1084,1147,1148,
1081,1145,1144,
1085,1148,1149,
1080,1144,1143,
1086,1149,1150,
1079,1143,1142,
1087,1150,1151,
1078,1142,1141,
1088,1151,1152,
1077,1141,1140,
1089,1152,1153,
1076,1140,1139,
1075,1139,1138,
338,402,403,
401,402,466,
398,462,463,
397,462,461,
399,463,464,
400,464,465,
401,465,466,
460,461,524,
741,809,808,
809,876,875,
876,943,942,
943,1009,1008,
472,537,536,
339,403,404,
405,404,470,
405,471,470,
472,471,536,
537,603,602,
604,603,670,
604,671,670,
672,671,739,
672,740,739,
741,740,808,
1009,1074,1073,
1074,1138,1137,
1973,1997,1972,
1973,1946,1972,
1919,1946,1918,
1919,1887,1918,
1824,1856,1823,
1824,1792,1791,
1856,1887,1855,
1762,1792,1791,
1760,1759,1789,
1760,1761,1790,
1658,1625,1657,
1597,1625,1596,
1691,1724,1690,
1691,1657,1690,
1761,1762,1791,
1441,1387,1386,
1489,1488,1440,
1530,1488,1529,
1441,1440,1386,
1566,1596,1565,
1566,1529,1565,
1387,1331,1330,
1275,1274,1215,
1331,1274,1273,
1216,1215,1152,
524,589,525,
589,655,590,
917,852,918,
1795,1827,1859,
1796,1827,1797,
1796,1768,1797,
1737,1768,1738,
1737,1704,1738,
1669,1704,1670,
1669,1635,1670,
1603,1635,1604,
1603,1574,1604,
1539,1574,1540,
1539,1498,1540,
1450,1498,1451,
1450,1397,1451,
1341,1397,1342,
1341,1286,1342,
1229,1286,1230,
1229,1171,1230,
1108,1171,1109,
1108,1046,1109,
982,1046,983,
982,918,983,
852,787,853,
787,721,788,
721,655,722,
1146,1147,1210,
1146,1145,1209,
1147,1148,1211,
1145,1144,1208,
1148,1149,1212,
1144,1143,1207,
1149,1150,1213,
1143,1142,1206,
1150,1151,1214,
1142,1141,1205,
1151,1152,1215,
1141,1140,1204,
1140,1139,1203,
1139,1138,1202,
402,403,467,
402,466,467,
462,463,526,
462,461,525,
463,464,527,
464,465,528,
465,466,529,
461,524,525,
809,808,875,
876,875,942,
943,942,1008,
1009,1008,1073,
537,536,602,
403,404,468,
404,470,469,
471,470,535,
471,536,535,
603,602,669,
603,670,669,
671,670,738,
671,739,738,
740,739,807,
740,808,807,
1074,1073,1137,
1138,1137,1201,
1997,2020,1996,
1997,1972,1996,
1946,1972,1945,
1946,1918,1945,
1887,1918,1886,
1824,1823,1791,
1856,1823,1855,
1887,1855,1886,
1760,1789,1790,
1759,1789,1788,
1761,1790,1791,
1625,1657,1624,
1625,1596,1624,
1724,1690,1723,
1657,1690,1656,
1387,1386,1330,
1488,1440,1439,
1488,1529,1487,
1440,1386,1385,
1596,1565,1595,
1529,1565,1528,
1331,1330,1273,
1274,1215,1214,
1274,1273,1214,
589,525,590,
655,590,656,
852,918,853,
1827,1859,1828,
1827,1797,1828,
1768,1797,1769,
1768,1738,1769,
1704,1738,1705,
1704,1670,1705,
1635,1670,1636,
1635,1604,1636,
1574,1604,1575,
1574,1540,1575,
1498,1540,1499,
1498,1451,1499,
1397,1451,1398,
1397,1342,1398,
1286,1342,1287,
1286,1230,1287,
1171,1230,1172,
1171,1109,1172,
1046,1109,1047,
1046,983,1047,
918,983,919,
787,853,788,
721,788,722,
655,722,656,
1146,1210,1209,
1147,1210,1211,
1145,1209,1208,
1148,1211,1212,
1144,1208,1207,
1149,1212,1213,
1143,1207,1206,
1150,1213,1214,
1142,1206,1205,
1151,1214,1215,
1141,1205,1204,
1140,1204,1203,
1139,1203,1202,
1138,1202,1201,
403,467,468,
466,467,530,
462,526,525,
463,526,527,
464,527,528,
465,528,529,
466,529,530,
808,875,874,
875,942,941,
942,1008,1007,
1008,1073,1072,
536,602,601,
404,468,469,
470,469,534,
470,535,534,
536,535,601,
602,669,668,
670,669,737,
670,738,737,
739,738,806,
739,807,806,
808,807,874,
1073,1137,1136,
1137,1201,1200,
2020,2042,2019,
2020,1996,2019,
1972,1996,1971,
1972,1945,1971,
1918,1945,1917,
1918,1886,1917,
1823,1791,1790,
1823,1855,1822,
1855,1886,1854,
1789,1790,1822,
1789,1788,1821,
1657,1624,1656,
1596,1624,1595,
1724,1723,1758,
1690,1723,1689,
1690,1656,1689,
1386,1330,1329,
1488,1439,1487,
1440,1439,1385,
1529,1487,1528,
1386,1385,1329,
1565,1595,1564,
1565,1528,1564,
1330,1273,1272,
1273,1214,1213,
525,590,526,
590,656,591,
918,853,919,
1859,1828,1860,
1797,1828,1798,
1797,1769,1798,
1738,1769,1739,
1738,1705,1739,
1670,1705,1671,
1670,1636,1671,
1604,1636,1605,
1604,1575,1605,
1540,1575,1541,
1540,1499,1541,
1451,1499,1452,
1451,1398,1452,
1342,1398,1343,
1342,1287,1343,
1230,1287,1231,
1230,1172,1231,
1109,1172,1110,
1109,1047,1110,
983,1047,984,
983,919,984,
853,788,854,
788,722,789,
722,656,723,
1210,1209,1269,
1210,1211,1270,
1209,1208,1268,
1211,1212,1271,
1208,1207,1267,
1212,1213,1272,
1207,1206,1266,
1206,1205,1265,
1205,1204,1264,
1204,1203,1263,
1203,1202,1262,
1202,1201,1261,
467,468,531,
467,530,531,
526,527,591,
527,528,592,
528,529,593,
529,530,594,
875,874,941,
942,941,1007,
1008,1007,1072,
1073,1072,1136,
602,601,668,
468,469,532,
469,534,533,
535,534,600,
535,601,600,
669,668,736,
669,737,736,
738,737,805,
738,806,805,
807,806,873,
807,874,873,
1137,1136,1200,
1201,1200,1260,
2042,2063,2041,
2042,2019,2041,
1996,2019,1995,
1996,1971,1995,
1945,1971,1944,
1945,1917,1944,
1886,1917,1885,
1823,1790,1822,
1855,1822,1854,
1886,1854,1885,
1789,1822,1821,
1788,1821,1820,
1624,1656,1623,
1624,1595,1623,
1723,1758,1757,
1723,1689,1722,
1656,1689,1655,
1330,1329,1272,
1439,1487,1438,
1439,1385,1384,
1487,1528,1486,
1385,1329,1328,
1595,1564,1594,
1528,1564,1527,
1273,1272,1213,
590,526,591,
656,591,657,
853,919,854,
1859,1860,1890,
1828,1860,1829,
1828,1798,1829,
1769,1798,1770,
1769,1739,1770,
1705,1739,1706,
1705,1671,1706,
1636,1671,1637,
1636,1605,1637,
1575,1605,1576,
1575,1541,1576,
1499,1541,1500,
1499,1452,1500,
1398,1452,1399,
1398,1343,1399,
1287,1343,1288,
1287,1231,1288,
1172,1231,1173,
1172,1110,1173,
1047,1110,1048,
1047,984,1048,
919,984,920,
788,854,789,
722,789,723,
656,723,657,
1210,1269,1270,
1209,1269,1268,
1211,1270,1271,
1208,1268,1267,
1212,1271,1272,
1207,1267,1266,
1206,1266,1265,
1205,1265,1264,
1204,1264,1263,
1203,1263,1262,
1202,1262,1261,
1201,1261,1260,
468,531,532,
530,531,595,
527,591,592,
528,592,593,
529,593,594,
530,594,595,
874,941,940,
941,1007,1006,
1007,1072,1071,
1072,1136,1135,
601,668,667,
469,532,533,
534,533,599,
534,600,599,
601,600,667,
668,736,735,
737,736,804,
737,805,804,
806,805,872,
806,873,872,
874,873,940,
1136,1200,1199,
1200,1260,1259,
2063,2084,2062,
2063,2041,2062,
2019,2041,2018,
2019,1995,2018,
1971,1995,1970,
1971,1944,1970,
1917,1944,1916,
1917,1885,1916,
1822,1854,1821,
1854,1885,1853,
1819,1851,1850,
1819,1787,1818,
1758,1787,1757,
1821,1820,1853,
1656,1623,1655,
1595,1623,1594,
1723,1757,1722,
1689,1722,1688,
1689,1655,1688,
1329,1272,1271,
1439,1438,1384,
1487,1438,1486,
1385,1384,1328,
1528,1486,1527,
1329,1328,1271,
1564,1594,1563,
1564,1527,1563,
591,657,592,
919,854,920,
2106,2147,2127,
1860,1890,1861,
1860,1829,1861,
1798,1829,1799,
1798,1770,1799,
1739,1770,1740,
1739,1706,1740,
1671,1706,1672,
1671,1637,1672,
1605,1637,1606,
1605,1576,1606,
1541,1576,1542,
1541,1500,1542,
1452,1500,1453,
1452,1399,1453,
1343,1399,1344,
1343,1288,1344,
1231,1288,1232,
1231,1173,1232,
1110,1173,1111,
1110,1048,1111,
984,1048,985,
984,920,985,
854,789,855,
789,723,790,
723,657,724,
1269,1270,1327,
1269,1268,1326,
1270,1271,1328,
1268,1267,1325,
1267,1266,1324,
1266,1265,1323,
1265,1264,1322,
1264,1263,1321,
1263,1262,1320,
1262,1261,1319,
1261,1260,1318,
531,532,596,
531,595,596,
592,593,658,
593,594,659,
594,595,660,
941,940,1006,
1007,1006,1071,
1072,1071,1135,
1136,1135,1199,
668,667,735,
532,533,597,
533,599,598,
600,599,666,
600,667,666,
736,735,803,
736,804,803,
805,804,871,
805,872,871,
873,872,939,
873,940,939,
1200,1199,1259,
1260,1259,1317,
2084,2105,2083,
2084,2062,2083,
2041,2062,2040,
2041,2018,2040,
1995,2018,1994,
1995,1970,1994,
1944,1970,1943,
1944,1916,1943,
1885,1916,1884,
1854,1821,1853,
1885,1853,1884,
1819,1850,1818,
1851,1850,1882,
1851,1820,1852,
1787,1818,1786,
1787,1757,1786,
1820,1853,1852,
1623,1655,1622,
1623,1594,1622,
1757,1722,1756,
1722,1688,1721,
1655,1688,1654,
1438,1384,1383,
1438,1486,1437,
1384,1328,1327,
1486,1527,1485,
1594,1563,1593,
1527,1563,1526,
657,592,658,
854,920,855,
2147,2185,2166,
2106,2127,2107,
2147,2127,2128,
1890,1861,1891,
1829,1861,1830,
1829,1799,1830,
1770,1799,1740,
1706,1740,1707,
1706,1672,1707,
1637,1672,1638,
1637,1606,1638,
1576,1606,1577,
1576,1542,1577,
1500,1542,1501,
1500,1453,1501,
1399,1453,1400,
1399,1344,1400,
1288,1344,1289,
1288,1232,1289,
1173,1232,1174,
1173,1111,1174,
1048,1111,1049,
1048,985,1049,
920,985,921,
789,855,790,
723,790,724,
657,724,658,
1269,1327,1326,
1270,1327,1328,
1268,1326,1325,
1267,1325,1324,
1266,1324,1323,
1265,1323,1322,
1264,1322,1321,
1263,1321,1320,
1262,1320,1319,
1261,1319,1318,
1260,1318,1317,
532,596,597,
595,596,661,
593,658,659,
594,659,660,
595,660,661,
940,1006,1005,
1006,1071,1070,
1071,1135,1134,
1135,1199,1198,
667,735,734,
533,597,598,
599,598,665,
599,666,665,
667,666,734,
735,803,802,
804,803,870,
804,871,870,
872,871,938,
872,939,938,
940,939,1005,
1199,1259,1258,
1259,1317,1316,
2105,2126,2104,
2105,2083,2104,
2062,2083,2061,
2062,2040,2061,
2018,2040,2017,
2018,1994,2017,
1970,1994,1969,
1970,1943,1969,
1916,1943,1915,
1916,1884,1915,
1853,1884,1852,
1850,1818,1849,
1851,1882,1883,
1850,1882,1881,
1851,1852,1883,
1818,1786,1817,
1757,1786,1756,
1655,1622,1654,
1594,1622,1593,
1722,1756,1721,
1688,1721,1687,
1688,1654,1687,
1438,1383,1437,
1384,1383,1327,
1486,1437,1485,
1527,1485,1526,
1563,1593,1562,
1563,1526,1562,
920,855,921,
2106,2085,2086,
2021,2085,2064,
2147,2166,2148,
2185,2166,2129,
2106,2107,2086,
2127,2107,2108,
2147,2128,2148,
2127,2128,2108,
1861,1891,1862,
1861,1830,1862,
1799,1830,1740,
1672,1707,1673,
1672,1638,1673,
1606,1638,1577,
1542,1577,1543,
1542,1501,1543,
1453,1501,1454,
1453,1400,1454,
1344,1400,1345,
1344,1289,1345,
1232,1289,1233,
1232,1174,1233,
1111,1174,1112,
1111,1049,1112,
985,1049,986,
985,921,986,
855,790,856,
790,724,791,
724,658,725,
1327,1326,1383,
1326,1325,1382,
1325,1324,1381,
1324,1323,1380,
1323,1322,1379,
1322,1321,1378,
1321,1320,1377,
1320,1319,1376,
1319,1318,1375,
1318,1317,1374,
596,597,662,
596,661,662,
658,659,725,
659,660,726,
660,661,727,
1006,1005,1070,
1071,1070,1134,
1135,1134,1198,
1199,1198,1258,
735,734,802,
597,598,663,
598,665,664,
666,665,733,
666,734,733,
803,802,869,
803,870,869,
871,870,937,
871,938,937,
939,938,1004,
939,1005,1004,
1259,1258,1316,
1317,1316,1373,
2126,2146,2125,
2126,2104,2125,
2083,2104,2082,
2083,2061,2082,
2040,2061,2039,
2040,2017,2039,
1994,2017,1993,
1994,1969,1993,
1943,1969,1942,
1943,1915,1942,
1884,1915,1883,
1884,1852,1883,
1850,1849,1881,
1818,1849,1817,
1882,1883,1914,
1882,1881,1913,
1786,1817,1785,
1786,1756,1785,
1622,1654,1621,
1622,1593,1621,
1756,1721,1755,
1721,1687,1720,
1654,1687,1653,
1383,1437,1382,
1437,1485,1436,
1485,1526,1484,
1593,1562,1592,
1526,1562,1525,
855,921,856,
2085,2086,2065,
2021,2064,2043,
2085,2064,2065,
2166,2148,2129,
2107,2086,2087,
2107,2108,2087,
2128,2148,2129,
2128,2108,2109,
1638,1673,1577,
1577,1543,1578,
1501,1543,1502,
1501,1454,1502,
1400,1454,1401,
1400,1345,1401,
1289,1345,1290,
1289,1233,1290,
1174,1233,1175,
1174,1112,1175,
1049,1112,1050,
1049,986,1050,
921,986,922,
790,856,791,
724,791,725,
1326,1383,1382,
1325,1382,1381,
1324,1381,1380,
1323,1380,1379,
1322,1379,1378,
1321,1378,1377,
1320,1377,1376,
1319,1376,1375,
1318,1375,1374,
1317,1374,1373,
597,662,663,
661,662,728,
659,725,726,
660,726,727,
661,727,728,
1005,1070,1069,
1070,1134,1133,
1134,1198,1197,
1198,1258,1257,
734,802,801,
598,663,664,
665,664,732,
665,733,732,
734,733,801,
802,869,868,
870,869,936,
870,937,936,
938,937,1003,
938,1004,1003,
1005,1004,1069,
1258,1316,1315,
1316,1373,1372,
2146,2165,2145,
2146,2125,2145,
2104,2125,2103,
2104,2082,2103,
2061,2082,2060,
2061,2039,2060,
2017,2039,2016,
2017,1993,2016,
1969,1993,1968,
1969,1942,1968,
1915,1942,1914,
1915,1883,1914,
1849,1881,1880,
1849,1817,1848,
1882,1914,1913,
1881,1913,1912,
1817,1785,1816,
1756,1785,1755,
1654,1621,1653,
1593,1621,1592,
1721,1755,1720,
1687,1720,1686,
1687,1653,1686,
1437,1382,1436,
1485,1436,1484,
1526,1484,1525,
1562,1592,1561,
1562,1525,1561,
921,856,922,
2086,2065,2066,
2021,2043,2022,
2064,2043,2044,
2064,2065,2044,
2021,1998,1999,
2925,2928,2926,
2925,2919,2920,
2908,2919,2914,
2086,2087,2066,
2108,2087,2088,
2128,2129,2109,
2108,2109,2088,
1948,1893,1921,
1577,1578,1607,
1543,1578,1544,
1543,1502,1544,
1454,1502,1455,
1454,1401,1455,
1345,1401,1346,
1345,1290,1346,
1233,1290,1234,
1233,1175,1234,
1112,1175,1113,
1112,1050,1113,
986,1050,987,
986,922,987,
856,791,857,
791,725,792,
1382,1381,1436,
1381,1380,1435,
1380,1379,1434,
1379,1378,1433,
1378,1377,1432,
1377,1376,1431,
1376,1375,1430,
1375,1374,1429,
1374,1373,1428,
662,663,729,
662,728,729,
725,726,792,
726,727,793,
727,728,794,
1070,1069,1133,
1134,1133,1197,
1198,1197,1257,
1258,1257,1315,
802,801,868,
663,664,730,
664,732,731,
733,732,800,
733,801,800,
869,868,935,
869,936,935,
937,936,1002,
937,1003,1002,
1004,1003,1068,
1004,1069,1068,
1316,1315,1372,
1373,1372,1427,
2165,2184,2164,
2165,2145,2164,
2125,2145,2124,
2125,2103,2124,
2082,2103,2081,
2082,2060,2081,
2039,2060,2038,
2039,2016,2038,
1993,2016,1992,
1993,1968,1992,
1942,1968,1941,
1942,1914,1941,
1849,1880,1848,
1881,1880,1912,
1817,1848,1816,
1914,1913,1941,
1913,1912,1940,
1785,1816,1784,
1785,1755,1784,
1621,1653,1620,
1621,1592,1620,
1755,1720,1754,
1720,1686,1719,
1653,1686,1652,
1436,1484,1435,
1484,1525,1483,
1525,1561,1524,
856,922,857,
2065,2066,2045,
2021,2022,1999,
2043,2022,2023,
2043,2044,2023,
2065,2044,2045,
1998,1999,1975,
1998,1974,1975,
2928,2927,2926,
2925,2926,2920,
2919,2920,2914,
2908,2914,2909,
1955,1954,1927,
2087,2066,2067,
2087,2088,2067,
1948,1921,1949,
1893,1921,1894,
1893,1863,1894,
1577,1674,1639,
1577,1607,1639,
1578,1607,1579,
1578,1544,1579,
1502,1544,1503,
1502,1455,1503,
1401,1455,1402,
1401,1346,1402,
1290,1346,1291,
1290,1234,1291,
1175,1234,1176,
1175,1113,1176,
1050,1113,1051,
1050,987,1051,
922,987,923,
791,857,792,
1381,1436,1435,
1380,1435,1434,
1379,1434,1433,
1378,1433,1432,
1377,1432,1431,
1376,1431,1430,
1375,1430,1429,
1374,1429,1428,
1373,1428,1427,
663,729,730,
728,729,795,
726,792,793,
727,793,794,
728,794,795,
1069,1133,1132,
1133,1197,1196,
1197,1257,1256,
1257,1315,1314,
801,868,867,
664,730,731,
732,731,799,
732,800,799,
801,800,867,
868,935,934,
936,935,1001,
936,1002,1001,
1003,1002,1067,
1003,1068,1067,
1069,1068,1132,
1315,1372,1371,
2184,2203,2183,
2184,2164,2183,
2145,2164,2144,
2145,2124,2144,
2103,2124,2102,
2103,2081,2102,
2060,2081,2059,
2060,2038,2059,
2016,2038,2015,
2016,1992,2015,
1968,1992,1967,
1968,1941,1967,
1880,1848,1879,
1880,1912,1911,
1848,1816,1847,
1913,1941,1940,
1912,1940,1939,
1816,1784,1815,
1755,1784,1754,
1653,1620,1652,
1720,1754,1719,
1686,1719,1685,
1686,1652,1685,
1484,1435,1483,
1525,1483,1524,
922,857,923,
2066,2045,2046,
2022,1999,2000,
2022,2023,2000,
2044,2023,2024,
2044,2045,2024,
1999,1975,1976,
1974,1948,1949,
1974,1975,1949,
2927,2923,2922,
2927,2926,2921,
2926,2920,2921,
2920,2914,2915,
1955,1929,1928,
2908,2909,2901,
2914,2909,2915,
1954,1926,1927,
1955,1927,1928,
2066,2067,2046,
1921,1949,1922,
1921,1894,1922,
1863,1894,1864,
1674,1708,1675,
1674,1639,1640,
1607,1639,1608,
1607,1579,1608,
1544,1579,1545,
1544,1503,1545,
1455,1503,1456,
1455,1402,1456,
1346,1402,1347,
1346,1291,1347,
1234,1291,1235,
1234,1176,1235,
1113,1176,1114,
1113,1051,1114,
987,1051,988,
987,923,988,
857,792,858,
1435,1434,1483,
1434,1433,1482,
1433,1432,1481,
1432,1431,1480,
1431,1430,1479,
1430,1429,1478,
1429,1428,1477,
1428,1427,1477,
729,730,796,
729,795,796,
792,793,858,
793,794,859,
794,795,860,
1133,1132,1196,
1197,1196,1256,
1257,1256,1314,
1315,1314,1371,
868,867,934,
730,731,798,
731,799,798,
800,799,866,
800,867,866,
935,934,1000,
935,1001,1000,
1002,1001,1066,
1002,1067,1066,
1068,1067,1131,
1068,1132,1131,
1372,1371,1426,
2203,2183,2202,
2164,2183,2163,
2164,2144,2163,
2124,2144,2123,
2124,2102,2123,
2081,2102,2080,
2081,2059,2080,
2038,2059,2037,
2038,2015,2037,
1992,2015,1991,
1992,1967,1991,
1941,1967,1940,
1880,1879,1911,
1848,1879,1847,
1912,1911,1939,
1816,1847,1815,
1940,1939,1966,
1784,1815,1783,
1784,1754,1783,
1620,1652,1651,
1754,1719,1753,
1719,1685,1718,
1652,1685,1651,
1483,1524,1482,
857,923,858,
2045,2046,2025,
1999,2000,1976,
2023,2000,2001,
2023,2024,2001,
2045,2024,2025,
1975,1976,1950,
1975,1949,1950,
2927,2922,2921,
2923,2922,2917,
2920,2921,2915,
2792,2815,2804,
2338,2387,2363,
1929,1928,1901,
1929,1903,1902,
2909,2901,2902,
2909,2915,2910,
1926,1927,1900,
1927,1928,1900,
1949,1922,1950,
1894,1922,1895,
1741,1708,1709,
1863,1771,1800,
1741,1771,1742,
1863,1864,1831,
1894,1864,1895,
1674,1675,1640,
1708,1675,1709,
1639,1640,1608,
1579,1608,1580,
1579,1545,1580,
1503,1545,1456,
1402,1456,1403,
1402,1347,1403,
1291,1347,1292,
1291,1235,1292,
1176,1235,1177,
1176,1114,1177,
1051,1114,1052,
1051,988,1052,
923,988,924,
1434,1483,1482,
1433,1482,1481,
1432,1481,1480,
1431,1480,1479,
1430,1479,1478,
730,796,797,
795,796,861,
793,858,859,
794,859,860,
795,860,861,
1132,1196,1195,
1196,1256,1255,
1256,1314,1313,
1314,1371,1370,
867,934,933,
730,798,797,
799,798,865,
799,866,865,
867,866,933,
934,1000,999,
1001,1000,1065,
1001,1066,1065,
1067,1066,1130,
1067,1131,1130,
1132,1131,1195,
1371,1426,1370,
2203,2202,2222,
2183,2202,2182,
2183,2163,2182,
2144,2163,2143,
2144,2123,2143,
2102,2123,2101,
2102,2080,2101,
2059,2080,2058,
2059,2037,2058,
2015,2037,2014,
2015,1991,2014,
1967,1991,1966,
1967,1940,1966,
1879,1911,1910,
1879,1847,1878,
1911,1939,1938,
1847,1815,1846,
1939,1966,1965,
1815,1783,1814,
1754,1783,1753,
1719,1753,1718,
1524,1482,1523,
923,858,924,
2046,2025,1979,
2000,1976,1977,
2000,2001,1977,
2024,2001,2002,
2024,2025,2002,
1976,1950,1951,
2922,2921,2916,
2923,2917,2918,
2922,2917,2916,
2921,2915,2916,
2815,2836,2826,
2792,2804,2793,
2815,2804,2816,
2338,2363,2339,
2387,2363,2388,
1929,1901,1902,
1928,1901,1900,
1903,1841,1872,
1903,1902,1871,
2909,2902,2910,
2901,2902,2894,
2915,2910,2916,
1926,1898,1899,
1926,1900,1899,
1922,1950,1923,
1922,1895,1923,
1741,1709,1742,
1863,1800,1831,
1771,1800,1772,
1771,1742,1772,
1864,1831,1832,
1864,1895,1865,
1675,1640,1641,
1675,1709,1676,
1640,1608,1609,
1608,1580,1609,
1545,1580,1456,
1347,1403,1348,
1347,1292,1348,
1235,1292,1236,
1235,1177,1236,
1114,1177,1115,
1114,1052,1115,
988,1052,989,
988,924,989,
1482,1481,1523,
1481,1480,1522,
1480,1479,1521,
1479,1478,1521,
796,797,862,
796,861,862,
858,859,924,
859,860,925,
860,861,926,
1196,1195,1255,
1256,1255,1313,
1314,1313,1370,
934,933,999,
798,797,864,
798,865,864,
866,865,932,
866,933,932,
1000,999,1064,
1000,1065,1064,
1066,1065,1129,
1066,1130,1129,
1131,1130,1194,
1131,1195,1194,
1426,1370,1425,
1426,1476,1425,
2202,2222,2221,
2202,2182,2201,
2163,2182,2162,
2163,2143,2162,
2123,2143,2122,
2123,2101,2122,
2080,2101,2079,
2080,2058,2079,
2037,2058,2036,
2037,2014,2036,
1991,2014,1990,
1991,1966,1990,
1879,1910,1878,
1911,1910,1938,
1847,1878,1846,
1939,1938,1965,
1815,1846,1814,
1966,1965,1990,
1783,1814,1782,
1783,1753,1782,
1753,1718,1752,
1523,1522,1481,
2025,1979,2002,
1976,1977,1951,
2001,1977,1978,
2001,2002,1978,
1950,1951,1923,
2917,2918,2912,
2917,2916,2911,
2815,2826,2816,
2836,2826,2837,
2792,2793,2780,
2804,2793,2805,
2804,2816,2805,
2338,2339,2313,
2363,2339,2364,
2363,2388,2364,
2754,2780,2768,
1901,1902,1870,
1901,1900,1870,
1903,1872,1871,
1841,1872,1840,
1902,1871,1870,
2902,2910,2903,
2902,2894,2895,
2910,2916,2911,
1898,1899,1868,
1979,1953,1978,
1900,1899,1869,
1895,1923,1896,
1709,1742,1710,
1800,1831,1801,
1800,1772,1801,
1742,1772,1743,
1864,1832,1865,
1831,1832,1801,
1895,1865,1896,
1675,1641,1676,
1640,1641,1609,
1709,1676,1710,
1403,1348,1404,
1292,1348,1293,
1292,1236,1293,
1177,1236,1178,
1177,1115,1178,
1052,1115,1053,
1052,989,1053,
924,989,925,
797,862,863,
861,862,927,
859,924,925,
860,925,926,
861,926,927,
1195,1255,1254,
1255,1313,1312,
1313,1370,1369,
933,999,998,
797,864,863,
865,864,931,
865,932,931,
933,932,998,
999,1064,1063,
1065,1064,1128,
1065,1129,1128,
1130,1129,1193,
1130,1194,1193,
1195,1194,1254,
1370,1425,1369,
1476,1425,1369,
2202,2221,2201,
2222,2221,2242,
2182,2201,2181,
2182,2162,2181,
2143,2162,2142,
2143,2122,2142,
2101,2122,2100,
2101,2079,2100,
2058,2079,2057,
2058,2036,2057,
2014,2036,2013,
2014,1990,2013,
1910,1878,1909,
1910,1938,1937,
1878,1846,1877,
1938,1965,1964,
1846,1814,1845,
1965,1990,1989,
1814,1782,1813,
1753,1782,1752,
1979,2002,1978,
1977,1951,1952,
1977,1978,1952,
1951,1923,1924,
2917,2912,2911,
2918,2912,2913,
2826,2816,2827,
2836,2837,2846,
2826,2837,2827,
2793,2780,2781,
2793,2805,2794,
2816,2805,2817,
2339,2313,2314,
2339,2364,2340,
2388,2411,2389,
2388,2364,2389,
2754,2768,2755,
2780,2768,2781,
1900,1870,1869,
1872,1871,1839,
1841,1840,1809,
1872,1840,1839,
1871,1870,1838,
2836,2855,2846,
2902,2903,2895,
2910,2903,2911,
2894,2895,2887,
1898,1868,1867,
1899,1868,1869,
1953,1978,1952,
1953,1925,1952,
1923,1896,1924,
1742,1710,1743,
1772,1801,1773,
1772,1743,1773,
1832,1865,1833,
1832,1801,1802,
1865,1896,1866,
1642,1744,1677,
1348,1404,1349,
1348,1293,1349,
1236,1293,1237,
1236,1178,1237,
1115,1178,1116,
1115,1053,1116,
989,1053,990,
989,925,990,
862,863,928,
862,927,928,
925,926,990,
926,927,991,
1255,1254,1312,
1313,1312,1369,
999,998,1063,
864,863,930,
864,931,930,
932,931,997,
932,998,997,
1064,1063,1127,
1064,1128,1127,
1129,1128,1192,
1129,1193,1192,
1194,1193,1253,
1194,1254,1253,
2265,2313,2289,
2221,2201,2220,
2221,2242,2241,
2201,2181,2200,
2162,2181,2161,
2162,2142,2161,
2122,2142,2121,
2122,2100,2121,
2079,2100,2078,
2079,2057,2078,
2036,2057,2035,
2036,2013,2035,
1990,2013,1989,
1910,1909,1937,
1878,1909,1877,
1938,1937,1964,
1846,1877,1845,
1965,1964,1989,
1814,1845,1813,
1782,1813,1781,
1782,1752,1781,
1951,1952,1924,
2907,2913,2906,
2912,2911,2904,
2912,2913,2905,
2816,2827,2817,
2837,2846,2847,
2837,2827,2838,
2793,2781,2794,
2805,2794,2806,
2805,2817,2806,
2339,2314,2340,
2313,2314,2289,
2364,2340,2365,
2411,2389,2390,
2364,2389,2365,
2754,2755,2741,
2768,2755,2769,
2768,2781,2769,
2624,2649,2637,
1870,1869,1838,
1559,1560,1517,
1619,1591,1590,
1841,1751,1810,
1619,1618,1589,
1650,1618,1617,
1871,1839,1838,
1841,1809,1810,
1840,1809,1808,
1840,1839,1808,
2855,2846,2856,
2903,2895,2896,
2903,2911,2904,
2895,2887,2888,
1898,1867,1834,
1868,1867,1836,
1868,1869,1837,
1925,1834,1897,
1925,1952,1924,
1896,1924,1897,
1710,1743,1803,
1801,1773,1802,
1743,1773,1803,
1832,1833,1802,
1865,1833,1866,
1896,1866,1897,
1642,1677,1643,
1744,1677,1711,
1642,1546,1581,
1404,1546,1504,
1404,1349,1405,
1293,1349,1294,
1293,1237,1294,
1178,1237,1179,
1178,1116,1179,
1053,1116,1054,
1053,990,1054,
1930,1956,1957,
863,928,929,
927,928,992,
926,990,991,
927,991,992,
1254,1312,1311,
1312,1369,1368,
998,1063,1062,
863,930,929,
931,930,996,
931,997,996,
998,997,1062,
1063,1127,1126,
1128,1127,1191,
1128,1192,1191,
1193,1192,1252,
1193,1253,1252,
1254,1253,1311,
1369,1424,1368,
2265,2266,2290,
2243,2266,2267,
2265,2289,2290,
2221,2220,2241,
2201,2220,2200,
2242,2241,2264,
2181,2200,2180,
2181,2161,2180,
2142,2161,2141,
2142,2121,2141,
2100,2121,2099,
2100,2078,2099,
2057,2078,2056,
2057,2035,2056,
2013,2035,2012,
2013,1989,2012,
1909,1937,1936,
1909,1877,1908,
1937,1964,1963,
1877,1845,1876,
1964,1989,1988,
1845,1813,1844,
1813,1781,1812,
1811,1781,1812,
1811,1842,1843,
2907,2906,2899,
2913,2906,2905,
2912,2904,2905,
2827,2817,2828,
2837,2847,2838,
2846,2847,2856,
2827,2838,2828,
2781,2794,2782,
2794,2806,2795,
2817,2806,2818,
2314,2340,2315,
2314,2289,2315,
2340,2365,2341,
2389,2390,2365,
2755,2741,2742,
2755,2769,2756,
2781,2769,2782,
2624,2599,2612,
2569,2599,2585,
2741,2728,2742,
2624,2637,2625,
2649,2637,2650,
2688,2675,2689,
2649,2675,2662,
1869,1838,1837,
1559,1517,1516,
1560,1517,1518,
1619,1590,1589,
1591,1590,1555,
1559,1558,1516,
1751,1810,1780,
1650,1684,1649,
1751,1684,1717,
1618,1589,1588,
1650,1617,1616,
1618,1617,1588,
1839,1838,1807,
1809,1810,1779,
1809,1808,1778,
1839,1808,1807,
2855,2856,2864,
2887,2880,2888,
2903,2896,2904,
2895,2896,2888,
1867,1834,1835,
1868,1836,1837,
1867,1836,1835,
1925,1897,1924,
1834,1897,1866,
1773,1802,1803,
1833,1802,1803,
1833,1866,1834,
1744,1803,1774,
1642,1643,1610,
1677,1643,1678,
1744,1711,1745,
1677,1711,1678,
1642,1581,1610,
1546,1581,1547,
1404,1504,1457,
1546,1504,1505,
1404,1405,1457,
1349,1405,1350,
1349,1294,1350,
1237,1294,1238,
1237,1179,1238,
1116,1179,1117,
1116,1054,1117,
990,1054,991,
1930,1957,1931,
1956,1957,1981,
928,929,993,
928,992,993,
991,992,1055,
1312,1311,1368,
1063,1062,1126,
930,929,995,
930,996,995,
997,996,1061,
997,1062,1061,
1127,1126,1190,
1127,1191,1190,
1192,1191,1251,
1192,1252,1251,
1253,1252,1310,
1253,1311,1310,
1424,1475,1423,
1424,1368,1367,
1956,1980,1981,
2266,2290,2291,
2243,2267,2268,
2266,2267,2291,
2289,2290,2315,
2220,2241,2240,
2220,2200,2219,
2241,2264,2263,
2200,2180,2199,
2161,2180,2160,
2161,2141,2160,
2121,2141,2120,
2121,2099,2120,
2078,2099,2077,
2078,2056,2077,
2035,2056,2034,
2035,2012,2034,
1989,2012,1988,
1909,1936,1908,
1937,1936,1963,
1877,1908,1876,
1964,1963,1988,
1845,1876,1844,
1813,1844,1812,
1811,1812,1843,
1842,1843,1874,
1842,1873,1874,
2907,2899,2900,
2906,2899,2898,
2906,2905,2898,
2904,2905,2897,
2817,2828,2818,
2847,2838,2848,
2847,2856,2857,
2838,2828,2839,
2794,2782,2795,
2806,2795,2807,
2806,2818,2807,
1560,1519,1518,
1520,1519,1472,
2340,2315,2341,
2365,2341,2366,
2390,2365,2366,
2755,2742,2756,
2769,2756,2770,
2769,2782,2770,
2624,2612,2625,
2599,2612,2600,
2569,2585,2570,
2599,2585,2600,
2569,2553,2570,
2688,2715,2702,
2728,2715,2729,
2728,2742,2729,
2637,2625,2638,
2649,2650,2662,
2637,2650,2638,
2688,2689,2702,
2675,2689,2676,
2675,2662,2676,
1838,1837,1807,
1517,1516,1469,
1517,1518,1470,
1590,1589,1554,
1591,1555,1556,
1590,1555,1554,
1558,1516,1515,
1591,1557,1556,
1558,1557,1515,
1751,1780,1750,
1810,1780,1779,
1650,1649,1616,
1684,1649,1648,
1751,1717,1716,
1684,1717,1683,
1589,1588,1553,
1617,1616,1587,
1617,1588,1587,
1809,1779,1778,
1808,1778,1777,
1808,1807,1777,
2855,2864,2872,
2856,2864,2865,
2880,2872,2881,
2880,2888,2881,
2896,2904,2897,
2896,2888,2889,
1834,1835,1804,
1836,1837,1806,
1836,1835,1805,
1833,1803,1834,
1744,1774,1745,
1803,1774,1804,
1643,1610,1611,
1643,1678,1644,
1711,1745,1712,
1711,1678,1712,
1581,1610,1582,
1546,1547,1505,
1581,1547,1582,
1504,1457,1458,
1504,1505,1458,
1405,1457,1406,
1405,1350,1406,
1294,1350,1295,
1294,1238,1295,
1179,1238,1180,
1179,1117,1180,
1054,1117,1055,
1054,991,1055,
1930,1931,1904,
1957,1931,1958,
1957,1981,1982,
929,993,994,
992,993,1056,
992,1055,1056,
1311,1368,1367,
1062,1126,1125,
929,995,994,
996,995,1060,
996,1061,1060,
1062,1061,1125,
1126,1190,1189,
1191,1190,1250,
1191,1251,1250,
1252,1251,1309,
1252,1310,1309,
1311,1310,1367,
1424,1423,1367,
1475,1423,1422,
1980,2003,2004,
1980,1981,2004,
2290,2291,2316,
2243,2268,2244,
2267,2268,2292,
2267,2291,2292,
1475,1474,1422,
1520,1474,1473,
2290,2315,2316,
2220,2240,2219,
2241,2240,2263,
2200,2219,2199,
2264,2263,2288,
2180,2199,2179,
2180,2160,2179,
2141,2160,2140,
2141,2120,2140,
2099,2120,2098,
2099,2077,2098,
2056,2077,2055,
2056,2034,2055,
2012,2034,2011,
2012,1988,2011,
1936,1908,1935,
1936,1963,1962,
1908,1876,1907,
1963,1988,1987,
1876,1844,1875,
1844,1812,1843,
1843,1874,1875,
1873,1904,1905,
1873,1874,1905,
2899,2900,2892,
2899,2898,2891,
2905,2898,2897,
2828,2818,2829,
2847,2848,2857,
2838,2848,2839,
2856,2857,2865,
2828,2839,2829,
2782,2795,2783,
2795,2807,2796,
2818,2807,2819,
1519,1518,1471,
1520,1472,1473,
1519,1472,1471,
2315,2341,2316,
2341,2366,2342,
2390,2391,2366,
2742,2756,2743,
2756,2770,2757,
2782,2770,2783,
2612,2625,2626,
2612,2600,2613,
2585,2570,2586,
2585,2600,2586,
2553,2570,2554,
2484,2536,2519,
2553,2536,2554,
2715,2702,2716,
2715,2729,2716,
2742,2729,2743,
2625,2638,2626,
2650,2662,2663,
2650,2638,2651,
2689,2702,2703,
2689,2676,2690,
2662,2676,2663,
1837,1807,1806,
1517,1469,1470,
1516,1469,1468,
1518,1470,1471,
1589,1554,1553,
1555,1556,1513,
1555,1554,1512,
1516,1515,1468,
1557,1556,1514,
1557,1515,1514,
1751,1750,1716,
1780,1750,1749,
1780,1779,1749,
1649,1616,1615,
1684,1648,1683,
1649,1648,1615,
1717,1716,1682,
1717,1683,1682,
1588,1553,1552,
1616,1587,1586,
1588,1587,1552,
1779,1778,1748,
1778,1777,1747,
1807,1777,1806,
2864,2872,2873,
2864,2865,2873,
2872,2881,2873,
2888,2881,2889,
2896,2897,2889,
1834,1804,1803,
1835,1804,1805,
1836,1806,1805,
1774,1745,1775,
1774,1804,1775,
1643,1611,1644,
1610,1611,1582,
1678,1644,1679,
1745,1712,1746,
1678,1712,1679,
1547,1505,1506,
1547,1582,1548,
1457,1458,1406,
1505,1458,1459,
1350,1406,1351,
1350,1295,1351,
1238,1295,1239,
1238,1180,1239,
1117,1180,1118,
1117,1055,1118,
1931,1904,1932,
1957,1958,1982,
1931,1958,1932,
1981,1982,2005,
993,994,1058,
993,1056,1057,
1055,1056,1118,
1126,1125,1189,
995,994,1059,
995,1060,1059,
1061,1060,1124,
1061,1125,1124,
1190,1189,1249,
1190,1250,1249,
1251,1250,1308,
1251,1309,1308,
1310,1309,1366,
1310,1367,1366,
1423,1367,1366,
1423,1422,1366,
2003,2004,2026,
1981,2004,2005,
2291,2316,2317,
2268,2244,2269,
2268,2292,2293,
2291,2292,2317,
1474,1422,1421,
1474,1473,1421,
2240,2219,2239,
2240,2263,2262,
2219,2199,2218,
2263,2288,2287,
2199,2179,2198,
2160,2179,2159,
2160,2140,2159,
2120,2140,2119,
2120,2098,2119,
2077,2098,2076,
2077,2055,2076,
2034,2055,2033,
2034,2011,2033,
1988,2011,1987,
1936,1935,1962,
1908,1935,1907,
1963,1962,1987,
1876,1907,1875,
1844,1875,1843,
1874,1875,1906,
1904,1905,1932,
1874,1905,1906,
2899,2892,2891,
2900,2892,2893,
2898,2891,2890,
2898,2897,2890,
2818,2829,2819,
2848,2857,2858,
2848,2839,2849,
2857,2865,2866,
2839,2829,2840,
2795,2783,2796,
2807,2796,2808,
2807,2819,2808,
1472,1473,1420,
1472,1471,1419,
2341,2316,2342,
2366,2342,2367,
2391,2366,2367,
2391,2412,2392,
2756,2743,2757,
2770,2757,2771,
2770,2783,2771,
2612,2626,2613,
2600,2613,2601,
2570,2586,2571,
2600,2586,2601,
2570,2554,2571,
2484,2519,2502,
2536,2519,2537,
2536,2554,2537,
2702,2716,2703,
2729,2716,2730,
2729,2743,2730,
2638,2626,2639,
2650,2663,2651,
2638,2651,2639,
2689,2703,2690,
2676,2690,2677,
2676,2663,2677,
1469,1470,1417,
1469,1468,1416,
1470,1471,1418,
1554,1553,1511,
1555,1513,1512,
1556,1513,1514,
1554,1512,1511,
1515,1468,1467,
1515,1514,1467,
1750,1716,1715,
1750,1749,1715,
1779,1749,1748,
1616,1615,1586,
1648,1683,1647,
1648,1615,1614,
1716,1682,1681,
1683,1682,1647,
1553,1552,1510,
1587,1586,1551,
1587,1552,1551,
1778,1748,1747,
1777,1747,1776,
1777,1806,1776,
2865,2873,2874,
2881,2873,2882,
2881,2889,2882,
2897,2889,2890,
1804,1805,1775,
1806,1805,1776,
1745,1775,1746,
1611,1644,1612,
1611,1582,1583,
1644,1679,1645,
1712,1746,1713,
1712,1679,1713,
1547,1506,1548,
1505,1506,1459,
1582,1548,1583,
1458,1406,1407,
1458,1459,1407,
1406,1351,1407,
1295,1351,1296,
1295,1239,1296,
1180,1239,1181,
1180,1118,1181,
1958,1982,1983,
1958,1932,1959,
1982,2005,2006,
993,1058,1057,
994,1058,1059,
1056,1057,1119,
1056,1118,1119,
1125,1189,1188,
1060,1059,1123,
1060,1124,1123,
1125,1124,1188,
1189,1249,1248,
1250,1249,1307,
1250,1308,1307,
1309,1308,1365,
1309,1366,1365,
1422,1366,1365,
2223,2244,2245,
2223,2204,2224,
2003,2026,2047,
2004,2026,2027,
2004,2005,2027,
2316,2317,2342,
2268,2269,2293,
2244,2269,2245,
2292,2293,2318,
2292,2317,2318,
1422,1421,1365,
1473,1421,1420,
2240,2239,2262,
2219,2239,2218,
2263,2262,2287,
2199,2218,2198,
2288,2287,2312,
2179,2198,2178,
2179,2159,2178,
2140,2159,2139,
2140,2119,2139,
2098,2119,2097,
2098,2076,2097,
2055,2076,2054,
2055,2033,2054,
2011,2033,2010,
2011,1987,2010,
1935,1962,1961,
1935,1907,1934,
1962,1987,1986,
1907,1875,1906,
1905,1932,1933,
1905,1906,1933,
2892,2891,2884,
2892,2893,2885,
2891,2890,2883,
2829,2819,2830,
2848,2858,2849,
2857,2858,2866,
2839,2849,2840,
2865,2866,2874,
2829,2840,2830,
2783,2796,2784,
2796,2808,2797,
2819,2808,2820,
1472,1420,1419,
1471,1419,1418,
2342,2367,2343,
2391,2367,2392,
2484,2466,2485,
2412,2466,2431,
2412,2392,2413,
2743,2757,2744,
2757,2771,2758,
2783,2771,2784,
2626,2613,2627,
2613,2601,2614,
2586,2571,2587,
2586,2601,2587,
2554,2571,2555,
2484,2502,2485,
2519,2502,2520,
2519,2537,2520,
2554,2537,2555,
2716,2703,2717,
2716,2730,2717,
2743,2730,2744,
2626,2639,2627,
2663,2651,2664,
2651,2639,2652,
2703,2690,2704,
2690,2677,2691,
2663,2677,2664,
1469,1417,1416,
1470,1417,1418,
1468,1416,1415,
1553,1511,1510,
1513,1512,1465,
1513,1514,1466,
1512,1511,1464,
1468,1467,1415,
1514,1467,1466,
1716,1715,1681,
1749,1715,1714,
1749,1748,1714,
1615,1586,1585,
1648,1647,1614,
1615,1614,1585,
1682,1681,1646,
1682,1647,1646,
1552,1510,1509,
1586,1551,1550,
1552,1551,1509,
1748,1747,1713,
1747,1776,1746,
2873,2874,2882,
2889,2882,2890,
1805,1775,1776,
1775,1746,1776,
1611,1612,1583,
1644,1612,1645,
1679,1645,1680,
1746,1713,1747,
1679,1713,1680,
1506,1548,1507,
1506,1459,1460,
1548,1583,1549,
1459,1407,1408,
1351,1407,1352,
1351,1296,1352,
1239,1296,1240,
1239,1181,1240,
1118,1181,1119,
1958,1983,1959,
1982,1983,2006,
1932,1959,1933,
2005,2006,2028,
1058,1057,1121,
1058,1059,1122,
1057,1119,1120,
1189,1188,1248,
1059,1123,1122,
1124,1123,1187,
1124,1188,1187,
1249,1248,1306,
1249,1307,1306,
1308,1307,1364,
1308,1365,1364,
2223,2245,2246,
2204,2167,2186,
2223,2224,2246,
2204,2224,2225,
2026,2047,2048,
2026,2027,2048,
2005,2027,2028,
2317,2342,2343,
2269,2293,2294,
2269,2245,2270,
2293,2318,2319,
2317,2318,2343,
1421,1365,1364,
1421,1420,1364,
2239,2262,2261,
2239,2218,2238,
2262,2287,2286,
2218,2198,2217,
2287,2312,2311,
2198,2178,2197,
2159,2178,2158,
2159,2139,2158,
2119,2139,2118,
2119,2097,2118,
2076,2097,2075,
2076,2054,2075,
2033,2054,2032,
2033,2010,2032,
1987,2010,1986,
1935,1961,1934,
1962,1961,1986,
1907,1934,1906,
1906,1933,1934,
2879,2886,2878,
2893,2886,2885,
2892,2884,2885,
2891,2884,2883,
2890,2883,2882,
2819,2830,2820,
2858,2849,2859,
2858,2866,2867,
2849,2840,2850,
2866,2874,2875,
2840,2830,2841,
2796,2784,2797,
2808,2797,2809,
2808,2820,2809,
1420,1419,1363,
1419,1418,1362,
2367,2343,2368,
2367,2392,2368,
2466,2485,2467,
2412,2431,2413,
2466,2431,2449,
2392,2413,2393,
2757,2744,2758,
2771,2758,2772,
2771,2784,2772,
2613,2627,2614,
2601,2614,2602,
2571,2587,2572,
2601,2587,2602,
2571,2555,2572,
2502,2485,2503,
2502,2520,2503,
2537,2520,2538,
2537,2555,2538,
2703,2717,2704,
2730,2717,2731,
2730,2744,2731,
2639,2627,2640,
2651,2664,2652,
2639,2652,2640,
2690,2704,2691,
2677,2691,2678,
2677,2664,2678,
1417,1416,1360,
1417,1418,1361,
1416,1415,1359,
1511,1510,1463,
1513,1465,1466,
1512,1465,1464,
1511,1464,1463,
1467,1415,1414,
1467,1466,1414,
1715,1681,1680,
1715,1714,1680,
1748,1714,1713,
1586,1585,1550,
1647,1614,1613,
1614,1585,1584,
1681,1646,1645,
1647,1646,1613,
1510,1509,1462,
1551,1550,1508,
1551,1509,1508,
2874,2882,2883,
1612,1583,1613,
1612,1645,1646,
1645,1680,1681,
1713,1680,1714,
1506,1507,1460,
1548,1507,1549,
1459,1460,1408,
1583,1549,1584,
1407,1408,1352,
1296,1352,1297,
1296,1240,1297,
1181,1240,1182,
1181,1119,1182,
1983,1959,1984,
1983,2006,2007,
1959,1933,1960,
2006,2028,2029,
1058,1121,1122,
1057,1121,1120,
1119,1120,1182,
1188,1248,1247,
1123,1122,1186,
1123,1187,1186,
1188,1187,1247,
1248,1306,1305,
1307,1306,1363,
1307,1364,1363,
2245,2246,2270,
2204,2186,2205,
2167,2186,2187,
2224,2246,2247,
2204,2225,2205,
2224,2225,2247,
2047,2068,2069,
2047,2048,2069,
2027,2048,2049,
2027,2028,2049,
2269,2294,2270,
2293,2294,2319,
2318,2319,2344,
2318,2343,2344,
1420,1364,1363,
2239,2261,2238,
2262,2261,2286,
2218,2238,2217,
2287,2286,2311,
2198,2217,2197,
2312,2311,2337,
2178,2197,2177,
2178,2158,2177,
2139,2158,2138,
2139,2118,2138,
2097,2118,2096,
2097,2075,2096,
2054,2075,2053,
2054,2032,2053,
2010,2032,2009,
2010,1986,2009,
1961,1934,1960,
1961,1986,1985,
1933,1934,1960,
2879,2878,2870,
2886,2878,2877,
2886,2885,2877,
2884,2885,2876,
2884,2883,2875,
2830,2820,2831,
2858,2859,2867,
2849,2859,2850,
2866,2867,2875,
2840,2850,2841,
2874,2875,2883,
2830,2841,2831,
2784,2797,2785,
2797,2809,2798,
2820,2809,2821,
1419,1363,1362,
1418,1362,1361,
2343,2368,2344,
2392,2368,2393,
2466,2467,2449,
2485,2467,2486,
2431,2413,2432,
2431,2449,2432,
2413,2393,2414,
2744,2758,2745,
2758,2772,2759,
2784,2772,2785,
2627,2614,2628,
2614,2602,2615,
2587,2572,2588,
2587,2602,2588,
2555,2572,2556,
2485,2503,2486,
2520,2503,2521,
2520,2538,2521,
2555,2538,2556,
2717,2704,2718,
2717,2731,2718,
2744,2731,2745,
2627,2640,2628,
2664,2652,2665,
2652,2640,2653,
2704,2691,2705,
2691,2678,2692,
2664,2678,2665,
1417,1360,1361,
1416,1360,1359,
1415,1359,1358,
1510,1463,1462,
1465,1466,1413,
1465,1464,1412,
1464,1463,1411,
1415,1414,1358,
1466,1414,1413,
1585,1550,1549,
1614,1613,1584,
1585,1584,1549,
1646,1613,1612,
1509,1462,1461,
1550,1508,1507,
1509,1508,1461,
1583,1613,1584,
1507,1460,1508,
1507,1549,1550,
1460,1408,1409,
1408,1352,1353,
1352,1297,1353,
1240,1297,1241,
1240,1182,1241,
1983,1984,2007,
1959,1984,1960,
2006,2007,2029,
2028,2029,2050,
1121,1122,1185,
1121,1120,1184,
1120,1182,1183,
1248,1247,1305,
1122,1186,1185,
1187,1186,1246,
1187,1247,1246,
1306,1305,1362,
1306,1363,1362,
2246,2270,2271,
2089,2068,2090,
2089,2110,2111,
2186,2205,2206,
2167,2187,2168,
2186,2187,2206,
2246,2247,2271,
2225,2205,2226,
2225,2247,2248,
2068,2069,2090,
2048,2069,2070,
2048,2049,2070,
2028,2049,2050,
2294,2270,2295,
2294,2319,2320,
2319,2344,2345,
2261,2238,2260,
2261,2286,2285,
2238,2217,2237,
2286,2311,2310,
2217,2197,2216,
2311,2337,2336,
2197,2177,2196,
2158,2177,2157,
2158,2138,2157,
2118,2138,2117,
2118,2096,2117,
2075,2096,2074,
2075,2053,2074,
2032,2053,2031,
2032,2009,2031,
1986,2009,1985,
1961,1960,1985,
2879,2870,2871,
2878,2870,2869,
2878,2877,2869,
2885,2877,2876,
2884,2876,2875,
2820,2831,2821,
2859,2867,2868,
2859,2850,2860,
2867,2875,2876,
2850,2841,2851,
2841,2831,2842,
2797,2785,2798,
2809,2798,2810,
2809,2821,2810,
1362,1361,1305,
2368,2344,2369,
2368,2393,2369,
2467,2449,2468,
2467,2486,2468,
2413,2432,2414,
2449,2432,2450,
2393,2414,2394,
2758,2745,2759,
2772,2759,2773,
2772,2785,2773,
2614,2628,2615,
2602,2615,2603,
2572,2588,2573,
2602,2588,2603,
2572,2556,2573,
2503,2486,2504,
2503,2521,2504,
2538,2521,2539,
2538,2556,2539,
2704,2718,2705,
2731,2718,2732,
2731,2745,2732,
2640,2628,2641,
2652,2665,2653,
2640,2653,2641,
2691,2705,2692,
2678,2692,2679,
2678,2665,2679,
1360,1361,1304,
1360,1359,1303,
1359,1358,1302,
1463,1462,1410,
1465,1413,1412,
1464,1412,1411,
1463,1411,1410,
1414,1358,1357,
1414,1413,1357,
1462,1461,1409,
1508,1461,1460,
1460,1409,1461,
1408,1409,1353,
1297,1353,1298,
1297,1241,1298,
1182,1241,1242,
1984,2007,2008,
1984,1960,1985,
2007,2029,2030,
2029,2050,2051,
1121,1185,1184,
1120,1184,1183,
1182,1183,1242,
1247,1305,1304,
1186,1185,1245,
1186,1246,1245,
1247,1246,1304,
2270,2271,2295,
2089,2090,2111,
2167,2130,2149,
2110,2130,2131,
2110,2111,2131,
2205,2206,2226,
2167,2168,2149,
2187,2168,2188,
2187,2206,2207,
2247,2271,2272,
2225,2226,2248,
2247,2248,2272,
2069,2090,2091,
2069,2070,2091,
2049,2070,2071,
2049,2050,2071,
2294,2295,2320,
2319,2320,2345,
2344,2345,2369,
2261,2260,2285,
2238,2260,2237,
2286,2285,2310,
2217,2237,2216,
2311,2310,2336,
2197,2216,2196,
2337,2336,2362,
2177,2196,2176,
2177,2157,2176,
2138,2157,2137,
2138,2117,2137,
2096,2117,2095,
2096,2074,2095,
2053,2074,2052,
2053,2031,2052,
2009,2031,2008,
2009,1985,2008,
2870,2871,2862,
2870,2869,2861,
2877,2869,2868,
2877,2876,2868,
2831,2821,2832,
2859,2868,2860,
2867,2868,2876,
2850,2860,2851,
2841,2851,2842,
2831,2842,2832,
2785,2798,2786,
2798,2810,2799,
2821,2810,2822,
1361,1305,1304,
2393,2369,2394,
2449,2468,2450,
2486,2468,2487,
2432,2414,2433,
2432,2450,2433,
2414,2394,2415,
2745,2759,2746,
2759,2773,2760,
2785,2773,2786,
2628,2615,2629,
2615,2603,2616,
2588,2573,2589,
2588,2603,2589,
2556,2573,2557,
2486,2504,2487,
2521,2504,2522,
2521,2539,2522,
2556,2539,2557,
2718,2705,2719,
2718,2732,2719,
2745,2732,2746,
2628,2641,2629,
2665,2653,2666,
2653,2641,2654,
2705,2692,2706,
2692,2679,2693,
2665,2679,2666,
1360,1304,1303,
1359,1303,1302,
1358,1302,1301,
1462,1410,1409,
1413,1412,1356,
1412,1411,1355,
1411,1410,1354,
1358,1357,1301,
1413,1357,1356,
1409,1353,1410,
1353,1298,1354,
1241,1298,1299,
1241,1242,1299,
1984,2008,1985,
2007,2008,2030,
2029,2030,2051,
2050,2051,2072,
1185,1184,1244,
1184,1183,1243,
1183,1242,1243,
1185,1245,1244,
1246,1245,1303,
1246,1304,1303,
2271,2295,2296,
2090,2111,2112,
2130,2149,2150,
2130,2131,2150,
2111,2131,2132,
2206,2226,2227,
2168,2149,2169,
2187,2188,2207,
2168,2188,2169,
2206,2207,2227,
2271,2272,2296,
2226,2248,2249,
2248,2272,2273,
2090,2091,2112,
2070,2091,2092,
2070,2071,2092,
2050,2071,2072,
2295,2320,2321,
2320,2345,2346,
2345,2369,2370,
2260,2285,2284,
2260,2237,2259,
2285,2310,2309,
2237,2216,2236,
2310,2336,2335,
2216,2196,2215,
2336,2362,2361,
2196,2176,2195,
2157,2176,2156,
2157,2137,2156,
2117,2137,2116,
2117,2095,2116,
2074,2095,2073,
2074,2052,2073,
2031,2052,2030,
2031,2008,2030,
2870,2862,2861,
2871,2862,2863,
2869,2861,2860,
2869,2868,2860,
2821,2832,2822,
2860,2851,2861,
2851,2842,2852,
2842,2832,2843,
2798,2786,2799,
2810,2799,2811,
2810,2822,2811,
2369,2394,2370,
2468,2450,2469,
2468,2487,2469,
2414,2433,2415,
2450,2433,2451,
2394,2415,2395,
2759,2746,2760,
2773,2760,2774,
2773,2786,2774,
2615,2629,2616,
2603,2616,2604,
2573,2589,2574,
2603,2589,2604,
2573,2557,2574,
2504,2487,2505,
2504,2522,2505,
2539,2522,2540,
2539,2557,2540,
2705,2719,2706,
2732,2719,2733,
2732,2746,2733,
2641,2629,2642,
2653,2666,2654,
2641,2654,2642,
2692,2706,2693,
2679,2693,2680,
2679,2666,2680,
1303,1302,1245,
1302,1301,1244,
1412,1356,1355,
1411,1355,1354,
1410,1354,1353,
1357,1301,1300,
1357,1356,1300,
1298,1354,1355,
1298,1299,1355,
1242,1299,1300,
2030,2051,2052,
2051,2072,2073,
1184,1244,1243,
1242,1243,1300,
1245,1244,1302,
2295,2296,2321,
2111,2112,2132,
2149,2150,2169,
2131,2150,2151,
2131,2132,2151,
2226,2227,2249,
2188,2207,2208,
2188,2169,2189,
2207,2227,2228,
2272,2296,2297,
2248,2249,2273,
2272,2273,2297,
2091,2112,2113,
2091,2092,2113,
2071,2092,2093,
2071,2072,2093,
2320,2321,2346,
2345,2346,2370,
2260,2284,2259,
2285,2284,2309,
2237,2259,2236,
2310,2309,2335,
2216,2236,2215,
2336,2335,2361,
2196,2215,2195,
2362,2386,2361,
2176,2195,2175,
2176,2156,2175,
2137,2156,2136,
2137,2116,2136,
2095,2116,2094,
2095,2073,2094,
2052,2073,2051,
2862,2861,2852,
2862,2863,2853,
2832,2822,2833,
2851,2861,2852,
2842,2852,2843,
2832,2843,2833,
2786,2799,2787,
2799,2811,2800,
2822,2811,2823,
2394,2370,2395,
2450,2469,2451,
2487,2469,2488,
2433,2415,2434,
2433,2451,2434,
2415,2395,2416,
2746,2760,2747,
2760,2774,2761,
2786,2774,2787,
2629,2616,2630,
2616,2604,2617,
2589,2574,2590,
2589,2604,2590,
2557,2574,2558,
2487,2505,2488,
2522,2505,2523,
2522,2540,2523,
2557,2540,2558,
2719,2706,2720,
2719,2733,2720,
2746,2733,2747,
2629,2642,2630,
2666,2654,2667,
2654,2642,2655,
2706,2693,2707,
2693,2680,2694,
2666,2680,2667,
1301,1244,1243,
1356,1355,1299,
1301,1300,1243,
1356,1300,1299,
2072,2073,2094,
2296,2321,2322,
2112,2132,2133,
2150,2169,2170,
2150,2151,2170,
2132,2151,2152,
2227,2249,2250,
2188,2208,2189,
2207,2208,2228,
2169,2189,2170,
2227,2228,2250,
2296,2297,2322,
2249,2273,2274,
2273,2297,2298,
2112,2113,2133,
2092,2113,2114,
2092,2093,2114,
2072,2093,2094,
2321,2346,2347,
2346,2370,2371,
2284,2259,2283,
2284,2309,2308,
2259,2236,2258,
2309,2335,2334,
2236,2215,2235,
2335,2361,2360,
2215,2195,2214,
2386,2410,2385,
2386,2361,2385,
2195,2175,2194,
2156,2175,2155,
2156,2136,2155,
2116,2136,2115,
2116,2094,2115,
2863,2854,2853,
2862,2852,2853,
2822,2833,2823,
2852,2843,2853,
2843,2833,2844,
2799,2787,2800,
2811,2800,2812,
2811,2823,2812,
2370,2395,2371,
2469,2451,2470,
2469,2488,2470,
2415,2434,2416,
2451,2434,2452,
2395,2416,2396,
2760,2747,2761,
2774,2761,2775,
2774,2787,2775,
2616,2630,2617,
2604,2617,2605,
2574,2590,2575,
2604,2590,2605,
2574,2558,2575,
2505,2488,2506,
2505,2523,2506,
2540,2523,2541,
2540,2558,2541,
2706,2720,2707,
2733,2720,2734,
2733,2747,2734,
2642,2630,2643,
2654,2667,2655,
2642,2655,2643,
2693,2707,2694,
2680,2694,2681,
2680,2667,2681,
2321,2322,2347,
2132,2133,2152,
2151,2170,2171,
2151,2152,2171,
2249,2250,2274,
2208,2189,2209,
2208,2228,2229,
2189,2170,2190,
2228,2250,2251,
2297,2322,2323,
2273,2274,2298,
2297,2298,2323,
2113,2133,2134,
2113,2114,2134,
2093,2114,2115,
2093,2094,2115,
2346,2347,2371,
2284,2283,2308,
2259,2283,2258,
2309,2308,2334,
2236,2258,2235,
2335,2334,2360,
2215,2235,2214,
2361,2360,2385,
2195,2214,2194,
2410,2430,2409,
2410,2385,2409,
2175,2194,2174,
2175,2155,2174,
2136,2155,2135,
2136,2115,2135,
2854,2845,2844,
2854,2853,2844,
2833,2823,2834,
2843,2853,2844,
2833,2844,2834,
2787,2800,2788,
2800,2812,2801,
2823,2812,2824,
2395,2371,2396,
2451,2470,2452,
2488,2470,2489,
2434,2416,2435,
2434,2452,2435,
2416,2396,2417,
2747,2761,2748,
2761,2775,2762,
2787,2775,2788,
2630,2617,2631,
2617,2605,2618,
2590,2575,2591,
2590,2605,2591,
2558,2575,2559,
2488,2506,2489,
2523,2506,2524,
2523,2541,2524,
2558,2541,2559,
2720,2707,2721,
2720,2734,2721,
2747,2734,2748,
2630,2643,2631,
2667,2655,2668,
2655,2643,2656,
2707,2694,2708,
2694,2681,2695,
2667,2681,2668,
2322,2347,2348,
2133,2152,2153,
2170,2171,2190,
2152,2171,2172,
2250,2274,2275,
2208,2209,2229,
2189,2209,2190,
2228,2229,2251,
2250,2251,2275,
2322,2323,2348,
2274,2298,2299,
2298,2323,2324,
2133,2134,2153,
2114,2134,2135,
2114,2115,2135,
2347,2371,2372,
2283,2308,2307,
2283,2258,2282,
2308,2334,2333,
2258,2235,2257,
2334,2360,2359,
2235,2214,2234,
2360,2385,2384,
2214,2194,2213,
2430,2448,2429,
2430,2409,2429,
2385,2409,2384,
2194,2174,2193,
2155,2174,2154,
2155,2135,2154,
2845,2835,2834,
2845,2844,2834,
2823,2834,2824,
2800,2788,2801,
2812,2801,2813,
2812,2824,2813,
2371,2396,2372,
2470,2452,2471,
2470,2489,2471,
2416,2435,2417,
2452,2435,2453,
2396,2417,2397,
2761,2748,2762,
2775,2762,2776,
2775,2788,2776,
2617,2631,2618,
2605,2618,2606,
2575,2591,2576,
2605,2591,2606,
2575,2559,2576,
2506,2489,2507,
2506,2524,2507,
2541,2524,2542,
2541,2559,2542,
2707,2721,2708,
2734,2721,2735,
2734,2748,2735,
2643,2631,2644,
2655,2668,2656,
2643,2656,2644,
2694,2708,2695,
2681,2695,2682,
2681,2668,2682,
2347,2348,2372,
2152,2153,2172,
2171,2190,2191,
2171,2172,2191,
2274,2275,2299,
2209,2229,2230,
2209,2190,2210,
2229,2251,2252,
2251,2275,2276,
2323,2348,2349,
2298,2299,2324,
2323,2324,2349,
2134,2153,2154,
2134,2135,2154,
2283,2307,2282,
2308,2307,2333,
2258,2282,2257,
2334,2333,2359,
2235,2257,2234,
2360,2359,2384,
2214,2234,2213,
2194,2213,2193,
2448,2465,2447,
2448,2429,2447,
2409,2429,2408,
2409,2384,2408,
2174,2193,2173,
2174,2154,2173,
2835,2825,2824,
2835,2834,2824,
2788,2801,2789,
2801,2813,2802,
2824,2813,2825,
2396,2372,2397,
2452,2471,2453,
2489,2471,2490,
2435,2417,2436,
2435,2453,2436,
2417,2397,2418,
2748,2762,2749,
2762,2776,2763,
2788,2776,2789,
2631,2618,2632,
2618,2606,2619,
2591,2576,2592,
2591,2606,2592,
2559,2576,2560,
2489,2507,2490,
2524,2507,2525,
2524,2542,2525,
2559,2542,2560,
2721,2708,2722,
2721,2735,2722,
2748,2735,2749,
2631,2644,2632,
2668,2656,2669,
2656,2644,2657,
2708,2695,2709,
2695,2682,2696,
2668,2682,2669,
2348,2372,2373,
2153,2172,2173,
2190,2191,2210,
2172,2191,2192,
2275,2299,2300,
2209,2230,2210,
2229,2230,2252,
2251,2252,2276,
2275,2276,2300,
2348,2349,2373,
2299,2324,2325,
2324,2349,2350,
2153,2154,2173,
2307,2282,2306,
2307,2333,2332,
2282,2257,2281,
2333,2359,2358,
2257,2234,2256,
2359,2384,2383,
2234,2213,2233,
2213,2193,2212,
2465,2483,2464,
2465,2447,2464,
2429,2447,2428,
2429,2408,2428,
2384,2408,2383,
2193,2173,2192,
2825,2814,2813,
2801,2789,2802,
2813,2802,2814,
2372,2397,2373,
2471,2453,2472,
2471,2490,2472,
2417,2436,2418,
2453,2436,2454,
2397,2418,2398,
2762,2749,2763,
2776,2763,2777,
2776,2789,2777,
2618,2632,2619,
2606,2619,2607,
2576,2592,2577,
2606,2592,2607,
2576,2560,2577,
2507,2490,2508,
2507,2525,2508,
2542,2525,2543,
2542,2560,2543,
2708,2722,2709,
2735,2722,2736,
2735,2749,2736,
2644,2632,2645,
2656,2669,2657,
2644,2657,2645,
2695,2709,2696,
2682,2696,2683,
2682,2669,2683,
2172,2173,2192,
2191,2210,2211,
2191,2192,2211,
2299,2300,2325,
2230,2210,2231,
2230,2252,2253,
2252,2276,2277,
2276,2300,2301,
2349,2373,2374,
2324,2325,2350,
2349,2350,2374,
2307,2306,2332,
2282,2306,2281,
2333,2332,2358,
2257,2281,2256,
2359,2358,2383,
2234,2256,2233,
2213,2233,2212,
2193,2212,2192,
2483,2501,2482,
2483,2464,2482,
2447,2464,2446,
2447,2428,2446,
2408,2428,2407,
2408,2383,2407,
2814,2803,2802,
2789,2802,2790,
2397,2373,2398,
2453,2472,2454,
2490,2472,2491,
2436,2418,2437,
2436,2454,2437,
2418,2398,2419,
2749,2763,2750,
2763,2777,2764,
2789,2777,2790,
2632,2619,2633,
2619,2607,2620,
2592,2577,2593,
2592,2607,2593,
2560,2577,2561,
2490,2508,2491,
2525,2508,2526,
2525,2543,2526,
2560,2543,2561,
2722,2709,2723,
2722,2736,2723,
2749,2736,2750,
2632,2645,2633,
2669,2657,2670,
2657,2645,2658,
2709,2696,2710,
2696,2683,2697,
2669,2683,2670,
2210,2211,2231,
2192,2211,2212,
2300,2325,2326,
2230,2231,2253,
2252,2253,2277,
2276,2277,2301,
2300,2301,2326,
2373,2374,2398,
2325,2350,2351,
2350,2374,2375,
2306,2332,2331,
2306,2281,2305,
2332,2358,2357,
2281,2256,2280,
2358,2383,2382,
2256,2233,2255,
2233,2212,2232,
2501,2518,2500,
2501,2482,2500,
2464,2482,2463,
2464,2446,2463,
2428,2446,2427,
2428,2407,2427,
2383,2407,2382,
2803,2791,2790,
2803,2802,2790,
2472,2454,2473,
2472,2491,2473,
2418,2437,2419,
2454,2437,2455,
2398,2419,2399,
2763,2750,2764,
2777,2764,2778,
2777,2790,2778,
2619,2633,2620,
2607,2620,2608,
2577,2593,2578,
2607,2593,2608,
2577,2561,2578,
2508,2491,2509,
2508,2526,2509,
2543,2526,2544,
2543,2561,2544,
2709,2723,2710,
2736,2723,2737,
2736,2750,2737,
2645,2633,2646,
2657,2670,2658,
2645,2658,2646,
2696,2710,2697,
2683,2697,2684,
2683,2670,2684,
2211,2231,2232,
2211,2212,2232,
2325,2326,2351,
2231,2253,2254,
2253,2277,2278,
2277,2301,2302,
2301,2326,2327,
2374,2398,2399,
2350,2351,2375,
2374,2375,2399,
2306,2331,2305,
2332,2331,2357,
2281,2305,2280,
2358,2357,2382,
2256,2280,2255,
2233,2255,2232,
2518,2535,2517,
2518,2500,2517,
2482,2500,2481,
2482,2463,2481,
2446,2463,2445,
2446,2427,2445,
2407,2427,2406,
2407,2382,2406,
2767,2779,2766,
2791,2779,2778,
2791,2790,2778,
2454,2473,2455,
2491,2473,2492,
2437,2419,2438,
2437,2455,2438,
2419,2399,2420,
2750,2764,2751,
2764,2778,2765,
2633,2620,2634,
2620,2608,2621,
2593,2578,2594,
2593,2608,2594,
2561,2578,2562,
2491,2509,2492,
2526,2509,2527,
2526,2544,2527,
2561,2544,2562,
2723,2710,2724,
2723,2737,2724,
2750,2737,2751,
2633,2646,2634,
2670,2658,2671,
2658,2646,2659,
2710,2697,2711,
2697,2684,2698,
2670,2684,2671,
2231,2232,2254,
2326,2351,2352,
2253,2254,2278,
2277,2278,2302,
2301,2302,2327,
2326,2327,2352,
2351,2375,2376,
2375,2399,2400,
2331,2305,2330,
2331,2357,2356,
2305,2280,2304,
2357,2382,2381,
2280,2255,2279,
2255,2232,2254,
2535,2552,2534,
2535,2517,2534,
2500,2517,2499,
2500,2481,2499,
2463,2481,2462,
2463,2445,2462,
2427,2445,2426,
2427,2406,2426,
2382,2406,2381,
2767,2766,2753,
2779,2766,2765,
2779,2778,2765,
2473,2455,2474,
2473,2492,2474,
2419,2438,2420,
2455,2438,2456,
2399,2420,2400,
2764,2751,2765,
2620,2634,2621,
2608,2621,2609,
2578,2594,2579,
2608,2594,2609,
2578,2562,2579,
2509,2492,2510,
2509,2527,2510,
2544,2527,2545,
2544,2562,2545,
2710,2724,2711,
2737,2724,2738,
2737,2751,2738,
2646,2634,2647,
2658,2671,2659,
2646,2659,2647,
2697,2711,2698,
2684,2698,2685,
2684,2671,2685,
2351,2352,2376,
2254,2278,2279,
2278,2302,2303,
2302,2327,2328,
2327,2352,2353,
2375,2376,2400,
2331,2330,2356,
2305,2330,2304,
2357,2356,2381,
2280,2304,2279,
2255,2279,2254,
2552,2534,2551,
2517,2534,2516,
2517,2499,2516,
2481,2499,2480,
2481,2462,2480,
2445,2462,2444,
2445,2426,2444,
2406,2426,2405,
2406,2381,2405,
2767,2753,2740,
2766,2753,2752,
2766,2765,2752,
2455,2474,2456,
2492,2474,2493,
2438,2420,2439,
2438,2456,2439,
2420,2400,2421,
2751,2765,2752,
2634,2621,2635,
2621,2609,2622,
2594,2579,2595,
2594,2609,2595,
2562,2579,2563,
2492,2510,2493,
2527,2510,2528,
2527,2545,2528,
2562,2545,2563,
2724,2711,2725,
2724,2738,2725,
2751,2738,2752,
2634,2647,2635,
2671,2659,2672,
2659,2647,2660,
2711,2698,2712,
2698,2685,2699,
2671,2685,2672,
2352,2376,2377,
2278,2279,2303,
2302,2303,2328,
2327,2328,2353,
2352,2353,2377,
2376,2400,2401,
2330,2356,2355,
2330,2304,2329,
2356,2381,2380,
2304,2279,2303,
2701,2714,2700,
2552,2551,2568,
2534,2551,2533,
2534,2516,2533,
2499,2516,2498,
2499,2480,2498,
2462,2480,2461,
2462,2444,2461,
2426,2444,2425,
2426,2405,2425,
2381,2405,2380,
2753,2740,2739,
2753,2752,2739,
2474,2456,2475,
2474,2493,2475,
2420,2439,2421,
2456,2439,2457,
2400,2421,2401,
2621,2635,2622,
2609,2622,2610,
2579,2595,2580,
2609,2595,2610,
2579,2563,2580,
2510,2493,2511,
2510,2528,2511,
2545,2528,2546,
2545,2563,2546,
2711,2725,2712,
2738,2725,2739,
2738,2752,2739,
2647,2635,2648,
2659,2672,2660,
2647,2660,2648,
2698,2712,2699,
2685,2699,2686,
2685,2672,2686,
2376,2377,2401,
2303,2328,2329,
2328,2353,2354,
2353,2377,2378,
2330,2355,2329,
2356,2355,2380,
2304,2329,2303,
2714,2727,2713,
2701,2700,2687,
2714,2700,2713,
2584,2568,2567,
2701,2674,2687,
2551,2568,2550,
2551,2533,2550,
2516,2533,2515,
2516,2498,2515,
2480,2498,2479,
2480,2461,2479,
2444,2461,2443,
2444,2425,2443,
2405,2425,2404,
2405,2380,2404,
2740,2727,2726,
2740,2739,2726,
2456,2475,2457,
2493,2475,2494,
2439,2421,2440,
2439,2457,2440,
2421,2401,2422,
2635,2622,2636,
2622,2610,2623,
2595,2580,2596,
2595,2610,2596,
2563,2580,2564,
2493,2511,2494,
2528,2511,2529,
2528,2546,2529,
2563,2546,2564,
2725,2712,2726,
2725,2739,2726,
2635,2648,2636,
2672,2660,2673,
2660,2648,2661,
2712,2699,2713,
2699,2686,2700,
2672,2686,2673,
2377,2401,2402,
2328,2329,2354,
2353,2354,2378,
2377,2378,2402,
2355,2329,2354,
2355,2380,2379,
2727,2713,2726,
2700,2687,2686,
2700,2713,2699,
2584,2567,2583,
2568,2567,2550,
2674,2687,2673,
2584,2598,2583,
2533,2550,2532,
2533,2515,2532,
2498,2515,2497,
2498,2479,2497,
2461,2479,2460,
2461,2443,2460,
2425,2443,2424,
2425,2404,2424,
2380,2404,2379,
2475,2457,2476,
2475,2494,2476,
2421,2440,2422,
2457,2440,2458,
2401,2422,2402,
2622,2636,2623,
2610,2623,2611,
2580,2596,2581,
2610,2596,2611,
2580,2564,2581,
2511,2494,2512,
2511,2529,2512,
2546,2529,2547,
2546,2564,2547,
2712,2726,2713,
2648,2636,2661,
2660,2673,2661,
2686,2673,2687,
2354,2378,2379,
2378,2402,2403,
2355,2354,2379,
2567,2583,2566,
2567,2550,2549,
2674,2673,2661,
2598,2583,2582,
2550,2532,2549,
2515,2532,2514,
2515,2497,2514,
2479,2497,2478,
2479,2460,2478,
2443,2460,2442,
2443,2424,2442,
2404,2424,2403,
2404,2379,2403,
2457,2476,2458,
2494,2476,2495,
2440,2422,2441,
2440,2458,2441,
2422,2402,2423,
2596,2581,2597,
2596,2611,2597,
2564,2581,2565,
2494,2512,2495,
2529,2512,2530,
2529,2547,2530,
2564,2547,2565,
2378,2379,2403,
2402,2403,2423,
2567,2566,2549,
2583,2566,2582,
2598,2582,2597,
2532,2549,2531,
2532,2514,2531,
2497,2514,2496,
2497,2478,2496,
2460,2478,2459,
2460,2442,2459,
2424,2442,2423,
2424,2403,2423,
2476,2458,2477,
2476,2495,2477,
2422,2441,2423,
2458,2441,2459,
2611,2598,2597,
2581,2597,2582,
2581,2565,2582,
2512,2495,2513,
2512,2530,2513,
2547,2530,2548,
2547,2565,2548,
2566,2549,2548,
2566,2582,2565,
2549,2531,2548,
2514,2531,2513,
2514,2496,2513,
2478,2496,2477,
2478,2459,2477,
2442,2459,2441,
2442,2423,2441,
2458,2477,2459,
2495,2477,2496,
2495,2513,2496,
2530,2513,2531,
2530,2548,2531,
2565,2548,2566,

