1,118.6563395,33.34937247,12.736217
2,118.6564983,33.34937959,12.708479
3,118.6561764,33.34942603,12.563582
4,118.6563337,33.34943462,12.72433
5,118.6564925,33.34944357,12.725038
6,118.6566529,33.34945287,12.563214
7,118.6563272,33.34949672,12.76232
8,118.656486,33.34950751,12.754592
9,118.6566465,33.34951869,12.62466
10,118.6561629,33.3495466,12.766033
11,118.65632,33.34955878,12.774053
12,118.6564789,33.34957141,12.77739
13,118.6566392,33.34958445,12.71168
14,118.6563121,33.3496208,12.819006
15,118.6564709,33.34963527,12.826332
16,118.6566312,33.34965017,12.811464
17,118.6563034,33.34968278,12.865274
18,118.656462,33.34969907,12.87351
19,118.6566223,33.34971584,12.867071
20,118.6562938,33.34974471,12.910914
21,118.6564523,33.34976282,12.929717
22,118.6559717,33.34976849,12.929589
23,118.6561266,33.34978723,13.013321
24,118.6562832,33.34980658,12.959018
25,118.6564415,33.34982652,12.973629
26,118.6566014,33.34984701,13.002453
27,118.6567627,33.349868,13.028319
28,118.6561153,33.34984726,13.011532
29,118.6562717,33.3498684,12.992101
30,118.6564297,33.34989016,12.99114
31,118.6565893,33.34991249,12.998371
32,118.6559486,33.34988501,13.074521
33,118.6561029,33.34990724,13.034433
34,118.656259,33.34993015,13.016326
35,118.6564168,33.34995373,13.000724
36,118.6565761,33.34997792,12.993754
37,118.6559355,33.34994319,13.073956
38,118.6560895,33.34996715,13.050488
39,118.6562452,33.34999185,13.029635
40,118.6564026,33.35001723,13.006497
41,118.6565616,33.35004327,12.994323
42,118.6559213,33.35000132,13.07358
43,118.6560749,33.350027,13.059709
44,118.6562302,33.35005347,13.039422
45,118.6563872,33.35008066,13.018044
46,118.6559059,33.35005939,13.075717
47,118.6560591,33.35008679,13.067586
48,118.656214,33.35011501,13.045558
49,118.6563705,33.35014401,13.023655
50,118.6558894,33.35011738,13.081717
51,118.656042,33.3501465,13.07725
52,118.6561964,33.35017648,13.053132
53,118.6563524,33.35020728,13.021879
54,118.6558715,33.35017531,13.089754
55,118.6560236,33.35020614,13.090775
56,118.6561774,33.35023788,13.075663
57,118.6558523,33.35023317,13.097183
58,118.6560038,33.35026571,13.108919
59,118.6561569,33.35029919,13.11252
60,118.6558318,33.35029095,13.098372
61,118.6559825,33.35032519,13.138044
62,118.6561349,33.35036041,13.181148
63,118.6562888,33.35039657,13.26295
64,118.6559598,33.35038454,13.1847
65,118.6561113,33.3504215,13.216002
66,118.6562645,33.35045943,13.258849
67,118.6557866,33.35040612,13.255631
68,118.6559357,33.35044373,13.232172
69,118.6560864,33.3504824,13.246658
70,118.6562386,33.35052209,13.265852
71,118.6557621,33.3504634,13.255225
72,118.6559102,33.35050267,13.27427
73,118.65606,33.35054306,13.29399
74,118.6562113,33.3505845,13.3096
75,118.6558836,33.35056132,13.329666
76,118.6560324,33.35060339,13.347886
77,118.6561827,33.35064656,13.3794
78,118.6563343,33.35069076,13.442796
79,118.6557096,33.35057707,13.376293
80,118.6558558,33.35061961,13.377729
81,118.6560035,33.35066335,13.390792
82,118.6561527,33.35070822,13.413031
83,118.6563033,33.35075417,13.444254
84,118.6564551,33.35080112,13.446994
85,118.6581852,33.35136382,14.439795
86,118.6558269,33.35067747,13.420695
87,118.6559735,33.35072285,13.427778
88,118.6561216,33.35076941,13.438283
89,118.656271,33.35081708,13.450887
90,118.6573473,33.35117577,13.646662
91,118.6575043,33.35122973,13.646539
92,118.6581374,33.35144949,14.44112
93,118.6582964,33.35150506,14.438079
94,118.6584556,33.35156073,14.474509
95,118.6555107,33.35064482,13.484388
96,118.6556531,33.35068915,13.494538
97,118.655797,33.35073485,13.462733
98,118.6559425,33.35078184,13.46038
99,118.6560893,33.35083006,13.464211
100,118.6562375,33.35087942,13.467653
101,118.6573046,33.35125081,13.646773
102,118.6574603,33.35130667,13.648046
103,118.6576165,33.35136301,13.644096
104,118.6577732,33.35141977,13.628471
105,118.6580877,33.3515342,14.436665
106,118.6582453,33.35159172,14.44778
107,118.658403,33.35164937,14.474622
108,118.6556234,33.35074444,13.496396
109,118.6557662,33.35079168,13.48433
110,118.6559104,33.35084026,13.486731
111,118.656056,33.35089008,13.489169
112,118.6562029,33.3509411,13.488329
113,118.6571068,33.35126778,13.636695
114,118.6572604,33.35132494,13.6431
115,118.6574146,33.35138267,13.649238
116,118.6575694,33.35144091,13.646536
117,118.6577246,33.35149956,13.654368
118,118.6578803,33.35155856,13.894368
119,118.6580362,33.35161782,14.377572
120,118.6581923,33.35167727,14.430719
121,118.6583485,33.35173684,14.474662
122,118.655593,33.35079916,13.498135
123,118.6557345,33.3508479,13.499595
124,118.6558775,33.35089802,13.508606
125,118.6560218,33.35094944,13.511068
126,118.6561673,33.35100207,13.507677
127,118.6563141,33.35105585,13.502928
128,118.6564619,33.35111069,13.507266
129,118.6569112,33.3512808,13.630951
130,118.6570627,33.3513391,13.634145
131,118.6572148,33.35139808,13.639039
132,118.6573675,33.35145764,13.644651
133,118.6575208,33.35151771,13.635338
134,118.6576745,33.35157822,13.621148
135,118.6578286,33.35163908,13.86348
136,118.6579829,33.35170022,14.34175
137,118.6581375,33.35176155,14.416512
138,118.6582922,33.351823,14.474775
139,118.6555618,33.35085325,13.497298
140,118.655702,33.35090345,13.513874
141,118.6558437,33.35095507,13.526858
142,118.6559866,33.35100804,13.529175
143,118.6561308,33.35106225,13.522923
144,118.6568674,33.35134932,13.630677
145,118.6570173,33.35140937,13.629853
146,118.6571679,33.35147011,13.631183
147,118.6573191,33.35153145,13.630575
148,118.6574708,33.35159332,13.61336
149,118.6576229,33.35165564,13.561872
150,118.6577754,33.35171831,13.628692
151,118.6556689,33.35095828,13.532157
152,118.6558091,33.35101136,13.541788
153,118.6559507,33.35106581,13.543637
154,118.6560935,33.35112157,13.540846
155,118.6562374,33.35117852,13.55263
156,118.6568225,33.35141674,13.629222
157,118.6569709,33.35147849,13.623186
158,118.6571198,33.35154093,13.620386
159,118.6572694,33.351604,13.614575
160,118.6574195,33.35166761,13.596562
161,118.6575699,33.35173169,13.56768
162,118.6553612,33.35090787,13.561965
163,118.6554975,33.3509593,13.559056
164,118.655635,33.35101231,13.548257
165,118.6557739,33.3510668,13.552773
166,118.6559141,33.35112271,13.553318
167,118.6560554,33.35117995,13.551144
168,118.6561978,33.35123841,13.554355
169,118.6563412,33.35129804,13.555666
170,118.6567767,33.35148296,13.628407
171,118.6569234,33.35154634,13.611649
172,118.6570707,33.35161044,13.607557
173,118.6572186,33.35167519,13.60114
174,118.657367,33.35174048,13.587109
175,118.6575158,33.35180626,13.575116
176,118.6576649,33.3518724,13.574173
177,118.6553296,33.35095842,13.559589
178,118.6554645,33.35101114,13.557899
179,118.6556007,33.35106548,13.557138
180,118.6557382,33.35112134,13.559666
181,118.6558768,33.35117865,13.559191
182,118.6560166,33.35123732,13.556684
183,118.6561575,33.35129724,13.556614
184,118.6562993,33.35135835,13.5562
185,118.656875,33.35161284,13.590663
186,118.6570206,33.35167854,13.593796
187,118.6571668,33.35174489,13.590804
188,118.6573134,33.35181181,13.583284
189,118.6574605,33.35187921,13.578074
190,118.6576079,33.35194701,13.578391
191,118.6552976,33.35100815,13.560614
192,118.655431,33.35106211,13.561093
193,118.6555658,33.35111773,13.563158
194,118.6557018,33.35117491,13.563766
195,118.655839,33.35123356,13.562492
196,118.6559773,33.3512936,13.559971
197,118.6561165,33.35135493,13.558655
198,118.6562568,33.35141747,13.558483
199,118.6563979,33.35148112,13.561566
200,118.6566824,33.35161143,13.565075
201,118.6568257,33.3516779,13.575514
202,118.6569696,33.35174512,13.581872
203,118.6571141,33.35181302,13.582558
204,118.657259,33.3518815,13.580589
205,118.6574042,33.35195047,13.579364
206,118.6575498,33.35201984,13.581328
207,118.6552651,33.351057,13.564212
208,118.6553972,33.35111217,13.564975
209,118.6555306,33.351169,13.566569
210,118.6556651,33.35122744,13.565684
211,118.6558007,33.35128738,13.564107
212,118.6559374,33.35134874,13.561969
213,118.6560751,33.3514114,13.560498
214,118.6562137,33.35147531,13.560674
215,118.6563531,33.35154035,13.562986
216,118.6564933,33.35160643,13.565035
217,118.6566342,33.35167348,13.566186
218,118.6567758,33.35174139,13.569838
219,118.6569179,33.35181008,13.573531
220,118.6570606,33.35187945,13.575952
221,118.6572036,33.35194941,13.577291
222,118.6573471,33.35201987,13.578199
223,118.6574909,33.35209075,13.579124
224,118.6552325,33.35110494,13.570469
225,118.6553631,33.35116123,13.568797
226,118.655495,33.35121924,13.568494
227,118.655628,33.35127887,13.566245
228,118.655762,33.35134003,13.564647
229,118.6558971,33.35140264,13.563124
230,118.6560332,33.35146658,13.561954
231,118.6561701,33.35153178,13.562267
232,118.6563078,33.35159814,13.564047
233,118.6564463,33.35166556,13.565779
234,118.6565854,33.35173396,13.567241
235,118.6567252,33.35180324,13.568583
236,118.6568655,33.35187331,13.569921
237,118.6570064,33.35194408,13.572019
238,118.6571476,33.35201545,13.574191
239,118.6572892,33.35208733,13.575572
240,118.6574311,33.35215963,13.575594
241,118.6551996,33.35115188,13.576059
242,118.6553288,33.35120925,13.570553
243,118.6554591,33.35126837,13.569309
244,118.6555906,33.35132913,13.565971
245,118.6557231,33.35139146,13.564533
246,118.6558565,33.35145523,13.563686
247,118.6559909,33.35152039,13.563017
248,118.6561261,33.35158681,13.563419
249,118.6562621,33.35165441,13.564763
250,118.6563988,33.3517231,13.566478
251,118.6565362,33.35179278,13.567874
252,118.6566741,33.35186334,13.568698
253,118.6568126,33.35193472,13.569338
254,118.6569516,33.35200681,13.570745
255,118.657091,33.3520795,13.572521
256,118.6572307,33.35215271,13.574027
257,118.6573707,33.35222635,13.575644
258,118.6551665,33.35119779,13.578839
259,118.6552942,33.35125618,13.572484
260,118.6554231,33.35131634,13.569948
261,118.655553,33.35137817,13.565259
262,118.6556839,33.35144157,13.564086
263,118.6558157,33.35150647,13.563836
264,118.6559483,33.35157274,13.563725
265,118.6560818,33.35164031,13.564312
266,118.6562161,33.35170908,13.565368
267,118.656351,33.35177895,13.567034
268,118.6564865,33.35184982,13.56834
269,118.6566227,33.3519216,13.568916
270,118.6567593,33.3519942,13.569488
271,118.6568964,33.35206751,13.570654
272,118.6570338,33.35214144,13.57194
273,118.6571717,33.3522159,13.572544
274,118.6573097,33.35229079,13.571218
275,118.6551334,33.35124261,13.583753
276,118.6552596,33.35130195,13.575913
277,118.6553869,33.35136307,13.569849
278,118.6555152,33.3514259,13.564269
279,118.6556445,33.35149032,13.56358
280,118.6557746,33.35155625,13.563738
281,118.6559056,33.35162358,13.564141
282,118.6560373,33.35169221,13.56503
283,118.6561698,33.35176206,13.565997
284,118.6563029,33.35183303,13.567576
285,118.6564366,33.35190501,13.568807
286,118.6565709,33.35197791,13.569252
287,118.6567056,33.35205164,13.569778
288,118.6568408,33.35212609,13.570855
289,118.6569763,33.35220117,13.571922
290,118.6571122,33.35227679,13.572253
291,118.6572483,33.35235283,13.571306
292,118.6551003,33.35128627,13.589194
293,118.655225,33.35134649,13.576996
294,118.6553508,33.35140852,13.56834
295,118.6554775,33.35147227,13.563421
296,118.6556051,33.35153763,13.56326
297,118.6557335,33.35160451,13.563538
298,118.6558628,33.35167281,13.564363
299,118.6559927,33.35174243,13.565605
300,118.6561234,33.35181327,13.566622
301,118.6562547,33.35188525,13.568118
302,118.6563865,33.35195825,13.569283
303,118.6565189,33.35203217,13.56966
304,118.6566517,33.35210694,13.570106
305,118.656785,33.35218243,13.571064
306,118.6569186,33.35225857,13.572018
307,118.6570525,33.35233524,13.57235
308,118.6571866,33.35241235,13.571338
309,118.6551904,33.35138976,13.573082
310,118.6553146,33.35145262,13.56628
311,118.6554397,33.35151721,13.563178
312,118.6555657,33.35158343,13.563186
313,118.6556924,33.35165118,13.563325
314,118.6558199,33.35172036,13.564513
315,118.6559481,33.35179088,13.566079
316,118.6560769,33.35186263,13.567168
317,118.6562064,33.35193551,13.568592
318,118.6563364,33.35200944,13.569711
319,118.6564668,33.3520843,13.570039
320,118.6565977,33.35216,13.570363
321,118.656729,33.35223644,13.571155
322,118.6568607,33.35231353,13.571987
323,118.6569926,33.35239115,13.572278
324,118.6571247,33.35246923,13.57118
325,118.655156,33.3514317,13.568904
326,118.6552786,33.35149531,13.565129
327,118.6554021,33.35156066,13.563546
328,118.6555264,33.35162765,13.563215
329,118.6556514,33.35169618,13.563169
330,118.6557771,33.35176616,13.564724
331,118.6559035,33.35183747,13.566516
332,118.6560306,33.35191003,13.567617
333,118.6561581,33.35198373,13.568964
334,118.6562862,33.35205849,13.570048
335,118.6564148,33.35213417,13.570327
336,118.6565437,33.35221071,13.570498
337,118.6566731,33.35228799,13.571088
338,118.6568027,33.35236593,13.571794
339,118.6569327,33.3524444,13.572055
340,118.6570628,33.35252333,13.571042
341,118.6551217,33.35147224,13.566208
342,118.6552428,33.35153652,13.564893
343,118.6553646,33.35160255,13.56406
344,118.6554872,33.35167023,13.563216
345,118.6556105,33.35173945,13.563199
346,118.6557345,33.35181012,13.565125
347,118.6558591,33.35188215,13.566975
348,118.6559843,33.35195541,13.567981
349,118.65611,33.35202983,13.569236
350,118.6562362,33.3521053,13.570283
351,118.6563628,33.35218172,13.570503
352,118.6564898,33.35225898,13.57051
353,118.6566172,33.35233699,13.570881
354,118.6567449,33.35241566,13.571465
355,118.6568728,33.35249487,13.571622
356,118.6570009,33.35257453,13.570851
357,118.6550878,33.35151134,13.565028
358,118.6552072,33.35157621,13.565005
359,118.6553274,33.35164283,13.564383
360,118.6554483,33.3517111,13.563281
361,118.6555699,33.35178092,13.563603
362,118.6556921,33.35185219,13.565806
363,118.6558149,33.35192482,13.567479
364,118.6559383,33.3519987,13.568277
365,118.6560621,33.35207372,13.569424
366,118.6561864,33.3521498,13.570414
367,118.6563111,33.35222684,13.570565
368,118.6564361,33.35230471,13.570415
369,118.6565615,33.35238335,13.57058
370,118.6566872,33.35246263,13.571048
371,118.6568131,33.35254246,13.571175
372,118.6569392,33.35262275,13.569296
373,118.655054,33.35154902,13.564788
374,118.6551719,33.35161439,13.565182
375,118.6552905,33.35168151,13.56461
376,118.6554097,33.35175029,13.56368
377,118.6555296,33.35182061,13.564523
378,118.65565,33.35189239,13.566768
379,118.655771,33.35196552,13.568016
380,118.6558925,33.3520399,13.568526
381,118.6560144,33.35211543,13.569547
382,118.6561368,33.35219202,13.57045
383,118.6562596,33.35226955,13.570526
384,118.6563827,33.35234794,13.570255
385,118.6565061,33.35242708,13.570256
386,118.6566297,33.35250687,13.570632
387,118.6567536,33.3525872,13.570819
388,118.6568777,33.352668,13.567991
389,118.6550206,33.35158535,13.565001
390,118.6551368,33.35165114,13.565488
391,118.6552538,33.35171869,13.565042
392,118.6553713,33.35178788,13.564602
393,118.6554895,33.35185862,13.565921
394,118.6556081,33.35193081,13.567889
395,118.6557273,33.35200434,13.56854
396,118.6558469,33.35207913,13.568748
397,118.655967,33.35215507,13.569635
398,118.6560875,33.35223205,13.570416
399,118.6562083,33.35230999,13.57042
400,118.6563294,33.35238878,13.570085
401,118.6564508,33.35246831,13.570002
402,118.6565725,33.35254849,13.570329
403,118.6566943,33.35262923,13.570579
404,118.6568164,33.35271042,13.567478
405,118.6548732,33.35155611,13.565595
406,118.6549873,33.35162041,13.565633
407,118.655102,33.35168656,13.566001
408,118.6552172,33.35175444,13.565821
409,118.6553331,33.35182397,13.56598
410,118.6554495,33.35189503,13.567554
411,118.6555664,33.35196755,13.568977
412,118.6556838,33.35204141,13.569006
413,118.6558016,33.35211651,13.568974
414,118.6559197,33.35219275,13.569725
415,118.6560383,33.35227005,13.570352
416,118.6561572,33.35234829,13.570292
417,118.6562763,33.35242737,13.569959
418,118.6563958,33.3525072,13.569887
419,118.6565154,33.35258768,13.57025
420,118.6566352,33.35266871,13.570689
421,118.6567552,33.35275018,13.566057
422,118.6548416,33.35158971,13.566174
423,118.6549541,33.3516543,13.56637
424,118.6550672,33.35172073,13.566663
425,118.6551809,33.35178888,13.566842
426,118.6552951,33.35185866,13.567532
427,118.6554097,33.35192998,13.569096
428,118.6555248,33.35200273,13.56986
429,118.6556404,33.35207683,13.569398
430,118.6557563,33.35215215,13.569229
431,118.6558726,33.35222862,13.569845
432,118.6559893,33.35230613,13.570293
433,118.6561062,33.35238458,13.57018
434,118.6562234,33.35246387,13.569895
435,118.6563408,33.35254391,13.569906
436,118.6564585,33.35262458,13.570416
437,118.6565763,33.3527058,13.571669
438,118.6566942,33.35278747,13.575998
439,118.65481,33.3516223,13.567148
440,118.654921,33.3516871,13.567011
441,118.6550325,33.35175374,13.567344
442,118.6551446,33.35182209,13.567901
443,118.6552571,33.35189206,13.568954
444,118.65537,33.35196355,13.570298
445,118.6554834,33.35203647,13.570464
446,118.6555971,33.35211072,13.569733
447,118.6557112,33.3521862,13.56953
448,118.6558256,33.35226279,13.570004
449,118.6559403,33.35234043,13.570266
450,118.6560553,33.35241901,13.570101
451,118.6561706,33.35249841,13.569875
452,118.656286,33.35257855,13.569963
453,118.6564016,33.35265934,13.570529
454,118.6565174,33.35274067,13.571765
455,118.6566333,33.35282243,13.574701
456,118.6546695,33.35159085,13.572196
457,118.6547785,33.35165392,13.568031
458,118.654888,33.3517189,13.567543
459,118.6549979,33.35178568,13.567954
460,118.6551083,33.35185416,13.568833
461,118.6552192,33.35192425,13.570058
462,118.6553304,33.35199585,13.571077
463,118.655442,33.35206887,13.57082
464,118.6555539,33.35214319,13.570039
465,118.6556661,33.35221874,13.569869
466,118.6557787,33.35229541,13.570196
467,118.6558915,33.3523731,13.570271
468,118.6560045,33.35245171,13.570057
469,118.6561178,33.35253115,13.569879
470,118.6562313,33.35261132,13.570021
471,118.6563449,33.35269213,13.570588
472,118.6564587,33.35277347,13.571684
473,118.6565725,33.35285524,13.57361
474,118.6543198,33.35144412,13.579061
475,118.6544258,33.35150111,13.576004
476,118.6545324,33.35156027,13.568659
477,118.6546395,33.35162149,13.571617
478,118.654747,33.35168469,13.568704
479,118.6548549,33.35174978,13.567937
480,118.6549633,33.35181665,13.568453
481,118.6550721,33.35188521,13.569569
482,118.6551812,33.35195535,13.570803
483,118.6552907,33.35202699,13.571491
484,118.6554006,33.35210003,13.571015
485,118.6555107,33.35217438,13.570341
486,118.6556211,33.35224992,13.570227
487,118.6557318,33.35232657,13.570397
488,118.6558427,33.35240424,13.570301
489,118.6559538,33.35248282,13.570041
490,118.6560651,33.35256222,13.569897
491,118.6561766,33.35264234,13.570068
492,118.6562882,33.35272309,13.570611
493,118.6563999,33.35280437,13.571557
494,118.6565118,33.35288609,13.572866
495,118.6541893,33.35141872,13.594947
496,118.6542937,33.35147364,13.57957
497,118.6543984,33.35153079,13.575624
498,118.6545037,33.35159007,13.56909
499,118.6546093,33.35165141,13.571479
500,118.6547154,33.35171469,13.569098
501,118.6548218,33.35177983,13.568213
502,118.6549287,33.35184674,13.568859
503,118.6550358,33.35191532,13.570123
504,118.6551433,33.35198547,13.571259
505,118.6552511,33.35205708,13.571671
506,118.6553591,33.35213008,13.571144
507,118.6554674,33.35220437,13.570644
508,118.655576,33.35227985,13.570569
509,118.6556848,33.35235643,13.570582
510,118.6557938,33.352434,13.570339
511,118.655903,33.35251248,13.570045
512,118.6560124,33.35259177,13.569926
513,118.6561219,33.35267177,13.570111
514,118.6562315,33.35275239,13.570616
515,118.6563413,33.35283354,13.571425
516,118.6564511,33.35291512,13.572366
517,118.6540615,33.35139468,13.570534
518,118.6541643,33.35144757,13.590503
519,118.6542674,33.35150263,13.57815
520,118.654371,33.3515599,13.574452
521,118.6544749,33.35161928,13.569568
522,118.6545791,33.35168067,13.571327
523,118.6546837,33.351744,13.569191
524,118.6547887,33.35180915,13.568409
525,118.6548939,33.35187604,13.569233
526,118.6549994,33.35194458,13.570573
527,118.6551052,33.35201468,13.571551
528,118.6552113,33.35208622,13.571756
529,118.6553176,33.35215913,13.571274
530,118.6554241,33.35223331,13.570936
531,118.6555309,33.35230866,13.570859
532,118.6556378,33.3523851,13.570723
533,118.6557449,33.35246252,13.570374
534,118.6558522,33.35254084,13.570065
535,118.6559596,33.35261995,13.569971
536,118.6560672,33.35269976,13.570162
537,118.6561748,33.35278019,13.570623
538,118.6562826,33.35286114,13.571311
539,118.6563904,33.35294251,13.57201
540,118.6540375,33.35142296,13.583809
541,118.6541391,33.35147599,13.590399
542,118.654241,33.35153118,13.576667
543,118.6543433,33.35158852,13.573087
544,118.6544459,33.35164795,13.570023
545,118.6545487,33.35170937,13.57105
546,118.6546519,33.35177268,13.569009
547,118.6547553,33.35183781,13.568603
548,118.654859,33.35190465,13.569669
549,118.6549629,33.35197311,13.571024
550,118.6550671,33.3520431,13.571808
551,118.6551714,33.35211451,13.571852
552,118.655276,33.35218728,13.571431
553,118.6553807,33.35226129,13.571184
554,118.6554857,33.35233647,13.571061
555,118.6555907,33.35241271,13.570802
556,118.655696,33.35248992,13.570395
557,118.6558013,33.35256801,13.570099
558,118.6559068,33.35264689,13.570036
559,118.6560124,33.35272646,13.57023
560,118.6561181,33.35280664,13.570647
561,118.6562238,33.35288732,13.571223
562,118.6563296,33.35296842,13.571733
563,118.6540132,33.3514509,13.594307
564,118.6541137,33.35150405,13.590837
565,118.6542144,33.35155933,13.5752
566,118.6543154,33.35161672,13.571935
567,118.6544166,33.35167617,13.570435
568,118.6545181,33.35173757,13.570683
569,118.6546198,33.35180085,13.568652
570,118.6547218,33.3518659,13.568918
571,118.6548239,33.35193264,13.570264
572,118.6549262,33.35200097,13.571567
573,118.6550287,33.35207082,13.572118
574,118.6551314,33.35214207,13.572004
575,118.6552342,33.35221465,13.571595
576,118.6553372,33.35228845,13.571346
577,118.6554403,33.3523634,13.571148
578,118.6555435,33.35243939,13.57081
579,118.6556469,33.35251634,13.570408
580,118.6557504,33.35259416,13.570156
581,118.6558539,33.35267275,13.57013
582,118.6559576,33.35275202,13.570327
583,118.6560613,33.35283189,13.570699
584,118.656165,33.35291226,13.571172
585,118.6562689,33.35299304,13.57151
586,118.6539886,33.35147857,13.599422
587,118.654088,33.35153182,13.589793
588,118.6541875,33.35158715,13.573446
589,118.6542873,33.35164457,13.57108
590,118.6543872,33.351704,13.57069
591,118.6544873,33.35176536,13.570393
592,118.6545875,33.35182857,13.568303
593,118.654688,33.35189352,13.569498
594,118.6547885,33.35196012,13.571072
595,118.6548893,33.3520283,13.572234
596,118.6549901,33.35209795,13.5725
597,118.6550911,33.352169,13.572189
598,118.6551922,33.35224134,13.571712
599,118.6552934,33.35231489,13.571381
600,118.6553947,33.35238956,13.57111
601,118.6554962,33.35246526,13.570759
602,118.6555977,33.35254191,13.570421
603,118.6556992,33.35261941,13.570244
604,118.6558009,33.35269766,13.570262
605,118.6559026,33.35277659,13.57046
606,118.6560043,33.3528561,13.570789
607,118.6561062,33.35293611,13.57117
608,118.656208,33.35301651,13.571339
609,118.6541603,33.35161472,13.57208
610,118.6542588,33.35167214,13.570375
611,118.6546539,33.35192074,13.570685
612,118.6547529,33.35198718,13.572036
613,118.6548521,33.35205516,13.572954
614,118.6549513,33.35212459,13.572881
615,118.6550506,33.35219539,13.572321
616,118.65515,33.35226746,13.571703
617,118.6552494,33.35234072,13.571258
618,118.655349,33.35241509,13.570959
619,118.6554486,33.35249046,13.570671
620,118.6555482,33.35256676,13.570455
621,118.6556479,33.3526439,13.570374
622,118.6557477,33.35272178,13.570437
623,118.6558475,33.35280033,13.570637
624,118.6559473,33.35287944,13.570926
625,118.6560471,33.35295904,13.571229
626,118.656147,33.35303903,13.57124
627,118.6546195,33.35194765,13.571544
628,118.654717,33.3520139,13.572904
629,118.6548145,33.35208165,13.57355
630,118.6549121,33.35215084,13.573114
631,118.6550098,33.35222136,13.57228
632,118.6551075,33.35229313,13.571507
633,118.6552052,33.35236607,13.570981
634,118.6553029,33.35244009,13.570733
635,118.6554007,33.3525151,13.570586
636,118.6554986,33.35259103,13.570531
637,118.6555964,33.35266777,13.570554
638,118.6556943,33.35274524,13.570659
639,118.6557922,33.35282337,13.570854
640,118.6558901,33.35290205,13.571108
641,118.655988,33.35298121,13.571357
642,118.6560859,33.35306076,13.571263
643,118.6545846,33.35197435,13.572056
644,118.6546806,33.35204038,13.573437
645,118.6547766,33.35210789,13.573828
646,118.6548726,33.3521768,13.573056
647,118.6549686,33.35224701,13.57198
648,118.6550646,33.35231846,13.571108
649,118.6551606,33.35239106,13.570594
650,118.6552566,33.35246471,13.570491
651,118.6553526,33.35253933,13.570548
652,118.6554486,33.35261485,13.570672
653,118.6555446,33.35269116,13.570793
654,118.6556406,33.3527682,13.570925
655,118.6557366,33.35284587,13.571109
656,118.6558326,33.35292409,13.571333
657,118.6559286,33.35300278,13.571559
658,118.6560246,33.35308186,13.571476
659,118.6545494,33.35200091,13.572068
660,118.6546439,33.3520667,13.573495
661,118.6547383,33.35213394,13.573687
662,118.6548327,33.35220256,13.572652
663,118.6549271,33.35227246,13.571421
664,118.6550214,33.35234356,13.570556
665,118.6551157,33.35241579,13.570171
666,118.6552099,33.35248905,13.570298
667,118.6553042,33.35256326,13.5706
668,118.6553984,33.35263835,13.570899
669,118.6554925,33.35271421,13.571095
670,118.6555867,33.3527908,13.571234
671,118.6556809,33.352868,13.571394
672,118.655775,33.35294574,13.571589
673,118.6558691,33.35302393,13.571825
674,118.6559632,33.3531025,13.57192
675,118.6545136,33.35202743,13.571586
676,118.6546066,33.35209298,13.57312
677,118.6546995,33.35215994,13.573183
678,118.6547923,33.35222824,13.571976
679,118.6548851,33.3522978,13.57069
680,118.6549777,33.35236854,13.56995
681,118.6550703,33.35244038,13.569803
682,118.6551629,33.35251323,13.570214
683,118.6552554,33.35258701,13.57077
684,118.6553478,33.35266165,13.571222
685,118.6554402,33.35273707,13.571464
686,118.6555325,33.35281316,13.57158
687,118.6556248,33.35288987,13.571699
688,118.6557171,33.35296712,13.571857
689,118.6558093,33.3530448,13.572124
690,118.6559015,33.35312285,13.572536
691,118.6544773,33.352054,13.570777
692,118.6545688,33.35211928,13.572513
693,118.6546602,33.35218595,13.572507
694,118.6547515,33.35225393,13.571193
695,118.6548426,33.35232314,13.569936
696,118.6549336,33.35239351,13.569407
697,118.6550246,33.35246495,13.56956
698,118.6551154,33.35253738,13.570277
699,118.6552061,33.35261073,13.571072
700,118.6552968,33.35268491,13.57164
701,118.6553874,33.35275985,13.57189
702,118.6554779,33.35283546,13.571954
703,118.6555684,33.35291168,13.572008
704,118.6556588,33.3529884,13.572108
705,118.6557492,33.35306556,13.572388
706,118.6558396,33.35314308,13.573153
707,118.6544405,33.35208069,13.569894
708,118.6545305,33.3521457,13.571949
709,118.6546204,33.35221207,13.571888
710,118.6547101,33.35227973,13.570489
711,118.6547996,33.35234859,13.569299
712,118.654889,33.35241858,13.569014
713,118.6549783,33.35248961,13.569484
714,118.6550674,33.35256163,13.570492
715,118.6551565,33.35263453,13.571492
716,118.6552454,33.35270825,13.572134
717,118.6553343,33.35278271,13.572357
718,118.655423,33.35285783,13.572338
719,118.6555117,33.35293354,13.572301
720,118.6556003,33.35300974,13.572306
721,118.6556889,33.35308638,13.572536
722,118.6557774,33.35316337,13.573572
723,118.654403,33.3521076,13.569175
724,118.6544916,33.35217235,13.571697
725,118.6545799,33.35223841,13.571526
726,118.6546681,33.35230574,13.570005
727,118.6547561,33.35237424,13.568872
728,118.6548439,33.35244386,13.568819
729,118.6549315,33.35251449,13.569575
730,118.655019,33.35258608,13.570833
731,118.6551063,33.35265854,13.571998
732,118.6551936,33.3527318,13.57267
733,118.6552807,33.35280578,13.572835
734,118.6553677,33.35288041,13.572711
735,118.6554546,33.35295561,13.572556
736,118.6555414,33.35303131,13.572418
737,118.6556282,33.35310742,13.572491
738,118.6557149,33.35318387,13.573628
739,118.6543648,33.35213481,13.568743
740,118.6544519,33.35219929,13.571962
741,118.6545388,33.35226507,13.571527
742,118.6546255,33.35233207,13.569803
743,118.6547119,33.35240023,13.568692
744,118.6547981,33.35246946,13.568823
745,118.6548842,33.35253969,13.569801
746,118.65497,33.35261086,13.571249
747,118.6550557,33.35268289,13.57253
748,118.6551412,33.35275569,13.573196
749,118.6552266,33.35282921,13.573284
750,118.6553119,33.35290335,13.573045
751,118.6553971,33.35297805,13.572761
752,118.6554821,33.35305324,13.572433
753,118.6555671,33.35312883,13.572189
754,118.6556521,33.35320476,13.573217
755,118.6544116,33.35222664,13.572854
756,118.654497,33.35229212,13.571882
757,118.6545822,33.35235881,13.569859
758,118.6546671,33.35242662,13.56874
759,118.6547517,33.35249549,13.569
760,118.6548362,33.35256534,13.570113
761,118.6549204,33.35263611,13.571668
762,118.6550045,33.35270771,13.573006
763,118.6550883,33.35278006,13.573636
764,118.6551721,33.35285312,13.573637
765,118.6552556,33.35292679,13.573296
766,118.6553391,33.35300101,13.572898
767,118.6554224,33.3530757,13.572372
768,118.6555057,33.35315079,13.571651
769,118.6543705,33.35225446,13.573677
770,118.6544545,33.35231968,13.57237
771,118.6545382,33.35238605,13.570066
772,118.6546216,33.35245355,13.568963
773,118.6547047,33.35252207,13.569313
774,118.6547876,33.35259155,13.570462
775,118.6548702,33.35266192,13.57201
776,118.6549526,33.35273311,13.573323
777,118.6550349,33.35280505,13.573877
778,118.655117,33.35287766,13.57379
779,118.6551989,33.35295088,13.57338
780,118.6552806,33.35302463,13.572935
781,118.6553623,33.35309885,13.57232
782,118.6554438,33.35317346,13.57096
783,118.6543287,33.35228287,13.574222
784,118.6544112,33.35234782,13.572788
785,118.6544934,33.35241391,13.570298
786,118.6545753,33.35248109,13.5693
787,118.6546569,33.35254928,13.569727
788,118.6547383,33.35261841,13.570808
789,118.6548194,33.35268842,13.572206
790,118.6549002,33.35275922,13.573366
791,118.6549808,33.35283076,13.573771
792,118.6550613,33.35290296,13.573567
793,118.6551416,33.35297574,13.573126
794,118.6552217,33.35304906,13.572737
795,118.6553017,33.35312282,13.572473
796,118.6543671,33.35237657,13.572947
797,118.6544479,33.3524424,13.570436
798,118.6545283,33.35250929,13.569692
799,118.6546084,33.35257717,13.570211
800,118.6546883,33.35264597,13.571134
801,118.6547678,33.35271563,13.572215
802,118.6548471,33.35278607,13.573045
803,118.6549262,33.35285723,13.573169
804,118.655005,33.35292903,13.572762
805,118.6550837,33.35300142,13.572238
806,118.6551622,33.35307432,13.57191
807,118.6543222,33.3524059,13.573166
808,118.6544016,33.35247148,13.570435
809,118.6544806,33.3525381,13.570089
810,118.6545593,33.35260569,13.570732
811,118.6546376,33.35267418,13.57143
812,118.6547156,33.35274352,13.572049
813,118.6547934,33.35281362,13.572358
814,118.6548709,33.35288442,13.572049
815,118.6549482,33.35295586,13.571311
816,118.6550253,33.35302787,13.570565
817,118.6551022,33.35310039,13.5701
818,118.6542766,33.35243576,13.57334
819,118.6543546,33.35250111,13.570139
820,118.6544322,33.35256748,13.570411
821,118.6545094,33.35263479,13.571219
822,118.6545863,33.352703,13.571675
823,118.6546628,33.35277202,13.571756
824,118.6547391,33.3528418,13.571439
825,118.6548151,33.35291227,13.570636
826,118.6548909,33.35298337,13.569555
827,118.6549664,33.35305502,13.568565
828,118.6550418,33.35312716,13.567861
829,118.6543069,33.35253124,13.569417
830,118.6543831,33.35259736,13.570588
831,118.6544589,33.35266443,13.571587
832,118.6545343,33.35273236,13.571815
833,118.6546094,33.35280109,13.571381
834,118.6546842,33.35287057,13.570483
835,118.6547587,33.35294073,13.569296
836,118.654833,33.3530115,13.568051
837,118.654907,33.35308282,13.567044
838,118.6549808,33.35315461,13.566405
839,118.6542585,33.35256183,13.569036
840,118.6543333,33.35262772,13.570743
841,118.6544077,33.35269454,13.571786
842,118.6544817,33.35276221,13.571786
843,118.6545554,33.35283068,13.570928
844,118.6546287,33.35289988,13.569618
845,118.6547018,33.35296973,13.568252
846,118.6547746,33.35304018,13.567058
847,118.6548471,33.35311118,13.56623
848,118.6549195,33.35318265,13.565773
849,118.6549916,33.35325454,13.56514
850,118.6542095,33.35259281,13.568949
851,118.6542829,33.3526585,13.570901
852,118.654356,33.35272509,13.571807
853,118.6544286,33.35279252,13.571567
854,118.6545008,33.35286072,13.570403
855,118.6545728,33.35292964,13.568886
856,118.6546444,33.35299921,13.567531
857,118.6547157,33.35306938,13.566525
858,118.6547868,33.35314007,13.565965
859,118.6548577,33.35321123,13.565796
860,118.6549283,33.35328279,13.565771
861,118.6541598,33.35262416,13.569114
862,118.6542319,33.35268965,13.571106
863,118.6543036,33.35275601,13.571707
864,118.6543749,33.3528232,13.571209
865,118.6544457,33.35289116,13.569854
866,118.6545163,33.35295982,13.568305
867,118.6545865,33.35302912,13.567087
868,118.6546564,33.353099,13.566322
869,118.654726,33.35316941,13.566026
870,118.6547955,33.35324026,13.566124
871,118.6548647,33.35331152,13.56651
872,118.6549337,33.35338312,13.567957
873,118.6541096,33.35265583,13.569432
874,118.6541804,33.35272111,13.571419
875,118.6542507,33.35278726,13.571589
876,118.6543206,33.35285423,13.570821
877,118.6543901,33.35292194,13.569361
878,118.6544593,33.35299035,13.567899
879,118.6545281,33.35305938,13.566875
880,118.6545966,33.353129,13.566343
881,118.6546649,33.35319913,13.566255
882,118.6547329,33.3532697,13.566525
883,118.6548007,33.35334066,13.567094
884,118.6548683,33.35341196,13.568268
885,118.6540588,33.35268776,13.569741
886,118.6541283,33.35275285,13.571919
887,118.6541973,33.35281879,13.571557
888,118.6542659,33.35288553,13.570516
889,118.654334,33.35295302,13.569012
890,118.6544018,33.35302118,13.567694
891,118.6544693,33.35308997,13.566869
892,118.6545364,33.35315931,13.566525
893,118.6546033,33.35322917,13.566575
894,118.6546699,33.35329946,13.566929
895,118.6547363,33.35337014,13.567531
896,118.6548025,33.35344115,13.568507
897,118.6548686,33.35351242,13.569525
898,118.6540756,33.35278481,13.572817
899,118.6541434,33.35285055,13.571671
900,118.6542106,33.35291707,13.570364
901,118.6542775,33.35298433,13.568865
902,118.6543439,33.35305225,13.567703
903,118.65441,33.35312079,13.567044
904,118.6544758,33.35318988,13.56683
905,118.6545413,33.35325947,13.566948
906,118.6546066,33.35332949,13.567314
907,118.6546716,33.35339989,13.567868
908,118.6547364,33.35347061,13.568649
909,118.6548011,33.3535416,13.569472
910,118.6540225,33.35281695,13.573438
911,118.6540889,33.35288249,13.571746
912,118.6541549,33.3529488,13.570337
913,118.6542205,33.35301582,13.568922
914,118.6542856,33.35308351,13.567914
915,118.6543504,33.3531518,13.567376
916,118.6544148,33.35322064,13.567227
917,118.654479,33.35328996,13.567356
918,118.6545429,33.35335972,13.567683
919,118.6546066,33.35342985,13.568139
920,118.65467,33.35350029,13.568707
921,118.6547334,33.35357099,13.569216
922,118.6539689,33.35284921,13.573805
923,118.654034,33.35291454,13.571671
924,118.6540988,33.35298063,13.570372
925,118.654163,33.35304744,13.569138
926,118.6542269,33.35311489,13.568287
927,118.6542903,33.35318294,13.567828
928,118.6543535,33.35325152,13.567694
929,118.6544163,33.35332059,13.567789
930,118.6544789,33.35339008,13.568046
931,118.6545412,33.35345994,13.568385
932,118.6546034,33.3535301,13.56876
933,118.6546654,33.35360052,13.569022
934,118.6539148,33.35288154,13.573959
935,118.6539787,33.35294668,13.571308
936,118.6540422,33.35301256,13.570393
937,118.6541052,33.35307913,13.569445
938,118.6541678,33.35314635,13.568763
939,118.65423,33.35321415,13.568358
940,118.6542918,33.35328248,13.568203
941,118.6543534,33.35335128,13.568241
942,118.6544146,33.3534205,13.568413
943,118.6544757,33.35349008,13.568638
944,118.6545365,33.35355998,13.568849
945,118.6545972,33.35363012,13.568932
946,118.653923,33.35297884,13.570606
947,118.6539852,33.35304449,13.570373
948,118.654047,33.35311084,13.569796
949,118.6541083,33.35317781,13.569294
950,118.6541692,33.35324537,13.568928
951,118.6542298,33.35331344,13.568735
952,118.6542901,33.35338198,13.568706
953,118.6543501,33.35345093,13.568795
954,118.6544098,33.35352024,13.568915
955,118.6544694,33.35358985,13.56899
956,118.6545287,33.35365971,13.568932
957,118.6538669,33.35301096,13.570173
958,118.6539279,33.3530764,13.570478
959,118.6539884,33.35314251,13.570224
960,118.6540485,33.35320924,13.569875
961,118.6541082,33.35327654,13.569525
962,118.6541675,33.35334435,13.569281
963,118.6542265,33.35341262,13.569182
964,118.6542852,33.3534813,13.569199
965,118.6543437,33.35355033,13.569232
966,118.654402,33.35361965,13.569193
967,118.6544601,33.35368922,13.568999
968,118.6538104,33.35304302,13.570014
969,118.6538702,33.35310822,13.570765
970,118.6539295,33.35317408,13.570773
971,118.6539884,33.35324056,13.570534
972,118.6540468,33.3533076,13.570163
973,118.6541049,33.35337514,13.569848
974,118.6541627,33.35344314,13.569679
975,118.6542202,33.35351153,13.569637
976,118.6542774,33.35358027,13.569606
977,118.6543344,33.35364931,13.569473
978,118.6543913,33.35371858,13.569116
979,118.6537536,33.35307494,13.570035
980,118.6538122,33.3531399,13.57128
981,118.6538703,33.35320552,13.571511
982,118.6539279,33.35327173,13.571331
983,118.6539852,33.35333849,13.570886
984,118.6540421,33.35340575,13.570466
985,118.6540986,33.35347347,13.570218
986,118.6541549,33.35354157,13.570131
987,118.6542109,33.35361,13.570065
988,118.6542667,33.35367874,13.569868
989,118.6543223,33.3537477,13.569286
990,118.6537539,33.35317139,13.572209
991,118.6538108,33.35323674,13.572523
992,118.6538673,33.35330268,13.572328
993,118.6539233,33.35336916,13.571734
994,118.653979,33.35343613,13.571167
995,118.6540343,33.35350354,13.570827
996,118.6540894,33.35357134,13.570706
997,118.6541442,33.35363947,13.570642
998,118.6541987,33.35370789,13.570439
999,118.6542531,33.35377654,13.569563
1000,118.6536953,33.35320264,13.572884
1001,118.653751,33.3532677,13.573719
1002,118.6538063,33.35333336,13.573518
1003,118.6538612,33.35339954,13.572715
1004,118.6539157,33.3534662,13.571963
1005,118.6539698,33.3535333,13.571523
1006,118.6540237,33.35360078,13.571384
1007,118.6540773,33.35366859,13.571367
1008,118.6541306,33.35373668,13.571274
1009,118.6541838,33.353805,13.570015
1010,118.6536911,33.35329836,13.575164
1011,118.6537452,33.35336371,13.574868
1012,118.6537989,33.35342957,13.573781
1013,118.6538522,33.35349591,13.572829
1014,118.6539052,33.35356269,13.572294
1015,118.6539578,33.35362983,13.57215
1016,118.6540102,33.3536973,13.572231
1017,118.6540624,33.35376505,13.572474
1018,118.6541144,33.35383301,13.573771
1019,118.6536308,33.35332865,13.576265
1020,118.6536838,33.35339367,13.576174
1021,118.6537364,33.3534592,13.574804
1022,118.6537885,33.35352521,13.573683
1023,118.6538403,33.35359163,13.573062
1024,118.6538918,33.35365842,13.572872
1025,118.653943,33.35372553,13.572964
1026,118.653994,33.3537929,13.573401
1027,118.6540449,33.35386051,13.573632
1028,118.6536223,33.35342319,13.577264
1029,118.6536737,33.35348837,13.575621
1030,118.6537247,33.353554,13.574425
1031,118.6537753,33.35362006,13.573744
1032,118.6538257,33.35368647,13.573442
1033,118.6538757,33.35375321,13.573461
1034,118.6539256,33.3538202,13.574272
1035,118.6539752,33.35388741,13.57533
1036,118.6535606,33.35345221,13.577942
1037,118.6536108,33.35351702,13.576046
1038,118.6536607,33.35358227,13.574946
1039,118.6537102,33.35364792,13.574197
1040,118.6537594,33.35371394,13.573604
1041,118.6538083,33.35378027,13.573336
1042,118.653857,33.35384685,13.57472
1043,118.6539055,33.35391365,13.576593
1044,118.6535479,33.35354507,13.575809
1045,118.6535966,33.35360993,13.575067
1046,118.653645,33.35367516,13.574152
1047,118.6536931,33.35374076,13.572889
1048,118.6537408,33.35380665,13.571924
1049,118.6537884,33.35387279,13.574227
1050,118.6534848,33.35357254,13.575307
1051,118.6535324,33.35363695,13.574629
1052,118.6535797,33.35370175,13.573189
1053,118.6536266,33.35376689,13.570586
1054,118.6536733,33.35383233,13.568361
1055,118.6537197,33.35389801,13.573053
1056,118.6534216,33.35359941,13.574076
1057,118.6534682,33.35366337,13.573196
1058,118.6535143,33.35372769,13.570769
1059,118.6535601,33.35379235,13.565849
1060,118.6536057,33.35385731,13.561479
1061,118.653651,33.3539225,13.571111
1062,118.6533584,33.3536257,13.57216
1063,118.6534038,33.35368916,13.571094
1064,118.6534489,33.35375299,13.567802
1065,118.6534936,33.35381715,13.560184
1066,118.653538,33.3538816,13.548667
1067,118.6535822,33.35394629,13.457534
1068,118.6532951,33.35365142,13.57047
1069,118.6533394,33.35371437,13.570015
1070,118.6533834,33.35377768,13.568217
1071,118.653427,33.35384132,13.563685
1072,118.6534704,33.35390523,13.557119
1073,118.6532317,33.35367657,13.569006
1074,118.653275,33.35373898,13.569139
1075,118.6533179,33.35380175,13.568851
1076,118.6533604,33.35386484,13.56731
1077,118.6534027,33.35392819,13.564741
1078,118.6531683,33.35370116,13.567974
1079,118.6532106,33.35376303,13.568462
1080,118.6532524,33.35382524,13.569185
1081,118.6532939,33.35388775,13.56931
1082,118.653335,33.35395052,13.568137
1083,118.653105,33.35372522,13.567457
1084,118.6531461,33.35378651,13.56812
1085,118.6531869,33.35384813,13.569754
1086,118.6532273,33.35391006,13.570675
1087,118.6531214,33.35387046,13.570993
1088,118.6531608,33.35393176,13.571899
