1,118.6515797,33.34881711,11.317085
2,118.6514742,33.34881338,11.28532
3,118.6515727,33.3488432,11.278201
4,118.6516719,33.3488719,11.259879
5,118.6560499,33.34906608,13.350909
6,118.656205,33.34906365,13.353885
7,118.6563617,33.34906138,13.354446
8,118.6565201,33.34905928,13.353209
9,118.65668,33.34905732,13.352907
10,118.6568412,33.34905551,13.349352
11,118.6570038,33.34905383,13.350029
12,118.6571676,33.34905228,13.353955
13,118.6573326,33.34905083,13.357965
14,118.6574985,33.34904949,13.364101
15,118.6576654,33.34904825,13.356603
16,118.6578331,33.34904709,13.357543
17,118.6580015,33.34904599,13.3576
18,118.6581706,33.34904497,13.35855
19,118.6583402,33.349044,13.360452
20,118.651271,33.34877703,11.296688
21,118.6513686,33.34880867,11.303867
22,118.6514668,33.34883947,11.28733
23,118.6515656,33.34886931,11.263309
24,118.6516651,33.34889807,11.262922
25,118.6540914,33.34915158,13.268182
26,118.6542175,33.34915015,13.309306
27,118.6543455,33.34914831,13.323293
28,118.6544754,33.34914614,13.331938
29,118.6546073,33.34914375,13.336915
30,118.6547413,33.34914122,13.340245
31,118.6548775,33.34913864,13.343804
32,118.6550158,33.34913612,13.347794
33,118.6551563,33.34913374,13.351058
34,118.6552992,33.34913159,13.352909
35,118.6554443,33.34912971,13.353873
36,118.6555917,33.3491281,13.35442
37,118.6557411,33.34912675,13.355392
38,118.6558926,33.34912564,13.355782
39,118.656046,33.34912475,13.353398
40,118.6562011,33.34912409,13.354568
41,118.656358,33.34912364,13.354713
42,118.6565165,33.34912338,13.353769
43,118.6566765,33.34912331,13.353192
44,118.6568379,33.34912341,13.351622
45,118.6570007,33.34912366,13.352894
46,118.6571646,33.34912407,13.356123
47,118.6573297,33.34912461,13.359593
48,118.6574958,33.34912528,13.361915
49,118.6576629,33.34912606,13.357915
50,118.6578308,33.34912695,13.357677
51,118.6579994,33.34912791,13.35762
52,118.6581686,33.34912897,13.358124
53,118.6583384,33.34913008,13.358985
54,118.6585086,33.34913124,13.358864
55,118.6511657,33.34877089,11.248134
56,118.651263,33.3488032,11.287645
57,118.6513609,33.34883482,11.298844
58,118.6514594,33.34886561,11.286429
59,118.6515585,33.34889547,11.251091
60,118.6516582,33.34892429,11.225927
61,118.6518597,33.34897831,11.984166
62,118.6519615,33.3490033,12.005106
63,118.6520641,33.34902677,12.076376
64,118.6521673,33.34904862,12.177259
65,118.6523763,33.34908701,12.462909
66,118.652482,33.34910344,12.553
67,118.6530255,33.3491609,12.829749
68,118.6538399,33.34918925,13.141786
69,118.6539624,33.34918995,13.208845
70,118.6540867,33.34919011,13.267584
71,118.6542128,33.3491898,13.306798
72,118.6543408,33.34918912,13.323237
73,118.6544707,33.34918818,13.33215
74,118.6546027,33.34918705,13.337103
75,118.6547367,33.34918584,13.340478
76,118.6548728,33.34918463,13.344012
77,118.6550111,33.34918353,13.34799
78,118.6551517,33.34918262,13.351264
79,118.6552946,33.34918198,13.353262
80,118.6554398,33.34918167,13.354156
81,118.6555872,33.34918167,13.354466
82,118.6557367,33.34918196,13.354947
83,118.6558883,33.34918255,13.355276
84,118.6560417,33.34918341,13.35418
85,118.656197,33.34918452,13.355057
86,118.656354,33.34918588,13.355113
87,118.6565126,33.34918747,13.354353
88,118.6566727,33.34918927,13.353881
89,118.6568343,33.34919128,13.353256
90,118.6569972,33.34919347,13.354734
91,118.6571613,33.34919584,13.35743
92,118.6573265,33.34919837,13.360194
93,118.6574928,33.34920104,13.361238
94,118.65766,33.34920385,13.358578
95,118.657828,33.34920677,13.357835
96,118.6579968,33.34920981,13.357525
97,118.6581662,33.34921293,13.357655
98,118.6583362,33.34921612,13.358028
99,118.6585066,33.34921938,13.358347
100,118.6508677,33.34869744,11.228673
101,118.6509638,33.34873107,11.221771
102,118.6510603,33.34876435,11.25738
103,118.6511574,33.34879718,11.243546
104,118.651255,33.34882944,11.273895
105,118.6513532,33.34886102,11.292175
106,118.6514519,33.34889181,11.285716
107,118.6515513,33.34892169,11.247363
108,118.6516513,33.34895057,11.206313
109,118.651752,33.3489783,11.58063
110,118.6518533,33.3490048,11.97855
111,118.6519553,33.34902993,12.005428
112,118.6520581,33.3490536,12.075793
113,118.6521616,33.34907569,12.18412
114,118.6522658,33.34909609,12.334148
115,118.6523708,33.34911469,12.46025
116,118.6524767,33.3491315,12.550675
117,118.6525834,33.3491466,12.61376
118,118.6526911,33.34916005,12.670273
119,118.6527999,33.34917198,12.732736
120,118.6529097,33.34918247,12.786863
121,118.6530206,33.3491916,12.829559
122,118.6531328,33.34919948,12.862509
123,118.6532462,33.3492062,12.878476
124,118.653361,33.34921187,12.885122
125,118.6534773,33.34921654,12.884088
126,118.653595,33.34922035,12.902975
127,118.6537142,33.34922337,13.001665
128,118.6538351,33.3492257,13.12881
129,118.6539576,33.34922742,13.204389
130,118.6540819,33.34922864,13.267405
131,118.654208,33.34922946,13.307185
132,118.654336,33.34922995,13.323545
133,118.6544659,33.34923022,13.332665
134,118.6545978,33.34923036,13.337393
135,118.6547318,33.34923046,13.34066
136,118.6548679,33.34923062,13.34409
137,118.6550063,33.34923093,13.348022
138,118.6551469,33.34923148,13.351307
139,118.6552898,33.34923236,13.353498
140,118.655435,33.34923361,13.354452
141,118.6555825,33.34923522,13.354649
142,118.655732,33.34923717,13.354641
143,118.6558836,33.34923945,13.354783
144,118.6560372,33.34924205,13.354476
145,118.6561925,33.34924494,13.355344
146,118.6563496,33.34924811,13.355421
147,118.6565083,33.34925154,13.354856
148,118.6566685,33.34925522,13.35459
149,118.6568302,33.34925913,13.354573
150,118.6569932,33.34926325,13.356167
151,118.6571574,33.34926759,13.358422
152,118.6573228,33.3492721,13.360508
153,118.6574892,33.34927678,13.360832
154,118.6576566,33.34928161,13.358844
155,118.6578247,33.34928658,13.357824
156,118.6579937,33.34929167,13.357294
157,118.6581632,33.34929686,13.357079
158,118.6583333,33.34930215,13.356997
159,118.6585039,33.34930749,13.357097
160,118.6586748,33.3493129,13.362999
161,118.6508585,33.34872404,11.229573
162,118.6509548,33.34875757,11.22468
163,118.6510517,33.34879076,11.264279
164,118.651149,33.34882353,11.243715
165,118.6512469,33.34885574,11.261717
166,118.6513454,33.3488873,11.284454
167,118.6514444,33.34891808,11.286588
168,118.6515441,33.34894799,11.253195
169,118.6516443,33.34897691,11.198737
170,118.6517452,33.34900473,11.569214
171,118.6518468,33.34903135,11.968292
172,118.6519491,33.34905665,12.000706
173,118.652052,33.34908051,12.07127
174,118.6521557,33.34910284,12.18526
175,118.6522601,33.34912352,12.335919
176,118.6523653,33.34914246,12.463203
177,118.6524713,33.34915964,12.55458
178,118.6525782,33.34917516,12.616489
179,118.652686,33.34918909,12.669072
180,118.6527948,33.34920154,12.730079
181,118.6529046,33.3492126,12.785444
182,118.6530156,33.34922235,12.829055
183,118.6531278,33.34923091,12.863108
184,118.6532413,33.34923835,12.879375
185,118.6533561,33.34924478,12.886243
186,118.6534723,33.34925028,12.885307
187,118.65359,33.34925495,12.899103
188,118.6537093,33.34925889,12.998817
189,118.6538301,33.34926218,13.118881
190,118.6539526,33.34926493,13.198699
191,118.6540769,33.34926721,13.266785
192,118.654203,33.34926914,13.308086
193,118.6543309,33.34927079,13.324704
194,118.6544608,33.34927227,13.333413
195,118.6545927,33.34927367,13.337805
196,118.6547267,33.34927509,13.340896
197,118.6548628,33.34927661,13.344192
198,118.6550011,33.34927833,13.348046
199,118.6551417,33.34928034,13.351265
200,118.6552847,33.34928274,13.353535
201,118.6554299,33.34928555,13.35449
202,118.6555774,33.34928876,13.354642
203,118.655727,33.34929236,13.354287
204,118.6558787,33.34929634,13.354268
205,118.6560322,33.34930067,13.354507
206,118.6561876,33.34930532,13.355469
207,118.6563448,33.34931031,13.355608
208,118.6565036,33.34931558,13.355247
209,118.6566639,33.34932113,13.35524
210,118.6568257,33.34932695,13.35568
211,118.6569888,33.34933301,13.357341
212,118.6571531,33.34933931,13.35918
213,118.6573186,33.3493458,13.360593
214,118.6574851,33.34935249,13.360469
215,118.6576525,33.34935935,13.358845
216,118.6578208,33.34936636,13.357674
217,118.6579899,33.34937351,13.356978
218,118.6581596,33.34938077,13.356456
219,118.6583298,33.34938813,13.355915
220,118.6585005,33.34939557,13.35518
221,118.6586715,33.34940308,13.351269
222,118.6508493,33.34875071,11.231408
223,118.6509459,33.34878414,11.228176
224,118.651043,33.34881726,11.273295
225,118.6511406,33.34884995,11.248776
226,118.6512387,33.34888211,11.255183
227,118.6513375,33.34891365,11.265019
228,118.6514368,33.34894443,11.285816
229,118.6515367,33.34897437,11.259692
230,118.6516372,33.34900334,11.20941
231,118.6517384,33.34903125,11.5541
232,118.6518402,33.34905798,11.967767
233,118.6519427,33.34908343,11.994623
234,118.6520459,33.3491075,12.065583
235,118.6521497,33.34913006,12.185095
236,118.6522543,33.34915102,12.338464
237,118.6523597,33.3491703,12.468659
238,118.6524658,33.34918786,12.560577
239,118.6525728,33.3492038,12.620462
240,118.6526806,33.34921821,12.66768
241,118.6527895,33.34923118,12.727227
242,118.6528994,33.3492428,12.784306
243,118.6530105,33.34925319,12.82866
244,118.6531227,33.34926241,12.864406
245,118.6532362,33.34927056,12.880939
246,118.653351,33.34927776,12.887732
247,118.6534672,33.34928407,12.885887
248,118.6535849,33.34928961,12.890839
249,118.6537041,33.34929445,12.99404
250,118.653825,33.34929871,13.110585
251,118.6539474,33.34930246,13.192391
252,118.6540717,33.3493058,13.266321
253,118.6541977,33.34930884,13.309763
254,118.6543256,33.34931166,13.326425
255,118.6544555,33.34931434,13.334285
256,118.6545873,33.34931701,13.338325
257,118.6547213,33.34931973,13.341216
258,118.6548573,33.3493226,13.344365
259,118.6549957,33.34932573,13.348097
260,118.6551362,33.3493292,13.351142
261,118.6552792,33.3493331,13.353334
262,118.6554244,33.34933746,13.354176
263,118.6555719,33.34934228,13.354337
264,118.6557216,33.34934754,13.353832
265,118.6558732,33.3493532,13.35373
266,118.6560268,33.34935925,13.354367
267,118.6561823,33.34936569,13.355444
268,118.6563395,33.34937247,13.355645
269,118.6564983,33.34937959,13.355483
270,118.6566587,33.34938702,13.355778
271,118.6568205,33.34939474,13.356606
272,118.6569837,33.34940274,13.358324
273,118.6571481,33.34941099,13.359789
274,118.6573137,33.34941947,13.360517
275,118.6574803,33.34942816,13.360091
276,118.6576478,33.34943704,13.358646
277,118.6578162,33.34944609,13.357416
278,118.6579853,33.3494553,13.356624
279,118.6581551,33.34946463,13.355872
280,118.6583255,33.34947407,13.354967
281,118.6584962,33.34948361,13.353468
282,118.6586674,33.34949322,13.348908
283,118.6507436,33.34874392,11.220819
284,118.65084,33.34877745,11.234337
285,118.6509368,33.34881078,11.23215
286,118.6510342,33.34884382,11.284657
287,118.6511321,33.34887645,11.257581
288,118.6512305,33.34890857,11.254105
289,118.6513295,33.34894008,11.154514
290,118.6514291,33.34897087,11.28
291,118.6515293,33.34900083,11.255485
292,118.6516301,33.34902986,11.226616
293,118.6517315,33.34905786,11.434524
294,118.6518335,33.34908472,11.976876
295,118.6519362,33.34911033,11.98604
296,118.6520396,33.34913458,12.068138
297,118.6522484,33.34917864,12.348563
298,118.6523539,33.34919823,12.477906
299,118.6524601,33.34921617,12.568282
300,118.6525672,33.34923253,12.624909
301,118.6526752,33.34924741,12.664667
302,118.6527841,33.3492609,12.723806
303,118.6528941,33.3492731,12.784302
304,118.6530052,33.34928409,12.828731
305,118.6531174,33.34929398,12.866687
306,118.6532309,33.34930284,12.883116
307,118.6533457,33.3493108,12.889027
308,118.6534619,33.34931792,12.885796
309,118.6535796,33.34932431,12.875955
310,118.6536988,33.34933007,12.988513
311,118.6538196,33.34933527,13.105067
312,118.653942,33.34934003,13.186282
313,118.6540662,33.34934444,13.267151
314,118.6541922,33.34934857,13.312435
315,118.65432,33.34935254,13.328392
316,118.6544498,33.34935643,13.335167
317,118.6545816,33.34936035,13.338908
318,118.6547155,33.34936437,13.341613
319,118.6548516,33.3493686,13.344621
320,118.6549898,33.34937312,13.348183
321,118.6551304,33.34937805,13.350961
322,118.6552733,33.34938345,13.352942
323,118.6554185,33.34938937,13.353559
324,118.655566,33.34939579,13.353747
325,118.6557157,33.34940268,13.353287
326,118.6558673,33.34941003,13.353201
327,118.656021,33.34941783,13.35413
328,118.6561764,33.34942603,13.355289
329,118.6563337,33.34943462,13.355518
330,118.6564925,33.34944357,13.355545
331,118.6566529,33.34945287,13.356188
332,118.6568148,33.34946249,13.357398
333,118.656978,33.34947242,13.359205
334,118.6571425,33.34948263,13.360396
335,118.6573081,33.34949309,13.360431
336,118.6574747,33.34950378,13.359775
337,118.6576423,33.34951469,13.358339
338,118.6578108,33.34952578,13.357101
339,118.65798,33.34953705,13.356273
340,118.6581498,33.34954845,13.355415
341,118.6583202,33.34955998,13.354364
342,118.6584911,33.34957161,13.352574
343,118.6586623,33.34958331,13.353251
344,118.650734,33.34877084,11.319004
345,118.6508306,33.34880427,11.236307
346,118.6509277,33.34883752,11.235879
347,118.6510253,33.34887048,11.292678
348,118.6511235,33.34890305,11.264137
349,118.6514213,33.34899741,11.271743
350,118.6515217,33.3490274,11.244327
351,118.6516228,33.34905648,11.22709
352,118.6517244,33.34908457,11.267082
353,118.6518267,33.34911155,11.978415
354,118.6523479,33.34922626,12.489665
355,118.6524543,33.34924458,12.576334
356,118.6525615,33.34926136,12.62793
357,118.6526695,33.34927671,12.657592
358,118.6528885,33.34930348,12.790696
359,118.6529996,33.34931508,12.829448
360,118.6531119,33.34932562,12.870383
361,118.6532254,33.3493352,12.885697
362,118.6533402,33.3493439,12.889404
363,118.6534564,33.34935184,12.883752
364,118.653574,33.34935908,12.861229
365,118.6540604,33.3493831,13.274351
366,118.6541863,33.34938833,13.316366
367,118.6543141,33.34939344,13.330367
368,118.6544439,33.34939854,13.335951
369,118.6545756,33.3494037,13.339494
370,118.6547094,33.34940902,13.342036
371,118.6548454,33.34941459,13.344923
372,118.6549836,33.34942052,13.348277
373,118.6551241,33.3494269,13.350746
374,118.655267,33.3494338,13.352473
375,118.6554122,33.34944126,13.352823
376,118.6555596,33.34944927,13.35301
377,118.6557092,33.34945781,13.352721
378,118.6558609,33.34946685,13.352733
379,118.6560145,33.34947636,13.353864
380,118.65617,33.34948632,13.355044
381,118.6563272,33.34949672,13.35525
382,118.656486,33.34950751,13.355453
383,118.6566465,33.34951869,13.356505
384,118.6568083,33.34953021,13.35815
385,118.6569715,33.34954206,13.36011
386,118.657136,33.34955422,13.361199
387,118.6573016,33.34956667,13.360563
388,118.6574683,33.34957936,13.359673
389,118.6576359,33.34959229,13.358064
390,118.6578044,33.34960542,13.356811
391,118.6579736,33.34961874,13.355968
392,118.6581435,33.34963222,13.355161
393,118.6583139,33.34964583,13.354273
394,118.6584848,33.34965955,13.352804
395,118.6508212,33.34883118,11.236985
396,118.6509185,33.34886434,11.23605
397,118.6510164,33.34889723,11.281957
398,118.6515141,33.34905408,11.234799
399,118.6516154,33.34908323,11.227973
400,118.6518197,33.34913851,11.979808
401,118.6524483,33.3492731,12.575186
402,118.6526637,33.34930612,12.660416
403,118.6531062,33.34935736,12.875587
404,118.6532197,33.34936764,12.888567
405,118.6533345,33.34937709,12.889428
406,118.6534506,33.34938582,12.882015
407,118.6535682,33.34939391,12.864254
408,118.6541802,33.34942813,13.324444
409,118.6543079,33.34943438,13.332068
410,118.6544375,33.34944066,13.336554
411,118.6545692,33.34944706,13.340001
412,118.6547029,33.34945367,13.3424
413,118.6548388,33.34946059,13.345181
414,118.654977,33.34946791,13.348302
415,118.6551174,33.34947572,13.35048
416,118.6552602,33.34948412,13.352031
417,118.6554053,33.34949313,13.352212
418,118.6555527,33.34950273,13.352357
419,118.6557023,33.3495129,13.352256
420,118.6558539,33.34952362,13.352393
421,118.6560074,33.34953486,13.353633
422,118.6561629,33.3495466,13.354763
423,118.65632,33.34955878,13.354891
424,118.6564789,33.34957141,13.355254
425,118.6566392,33.34958445,13.356791
426,118.6568011,33.34959787,13.358978
427,118.6569643,33.34961166,13.36117
428,118.6571287,33.34962578,13.362355
429,118.6572943,33.34964019,13.361145
430,118.657461,33.34965489,13.35991
431,118.6576286,33.34966984,13.35794
432,118.6577971,33.34968501,13.356594
433,118.6579663,33.34970039,13.355701
434,118.6581361,33.34971593,13.35507
435,118.6583066,33.34973162,13.354544
436,118.6584774,33.34974743,13.353605
437,118.6515063,33.34908089,11.216065
438,118.6516078,33.3491101,11.107769
439,118.6532137,33.34940017,12.89159
440,118.6533284,33.34941036,12.889495
441,118.6534445,33.34941988,12.881035
442,118.6535621,33.34942881,12.867121
443,118.6541737,33.34946796,13.3277
444,118.6543013,33.34947535,13.332875
445,118.6544308,33.34948281,13.336906
446,118.6545624,33.34949044,13.340331
447,118.654696,33.34949834,13.342591
448,118.6548318,33.34950659,13.345282
449,118.6549698,33.3495153,13.348143
450,118.6551102,33.34952455,13.350088
451,118.6552529,33.34953444,13.351648
452,118.6553979,33.34954498,13.351929
453,118.6555452,33.34955617,13.352043
454,118.6556947,33.34956798,13.352045
455,118.6558462,33.34958037,13.352262
456,118.6559997,33.34959333,13.353501
457,118.656155,33.34960681,13.354507
458,118.6563121,33.3496208,13.354512
459,118.6564709,33.34963527,13.355002
460,118.6566312,33.34965017,13.357066
461,118.656793,33.34966549,13.359921
462,118.6569561,33.3496812,13.362424
463,118.6571205,33.34969727,13.363821
464,118.657286,33.34971366,13.362227
465,118.6574526,33.34973036,13.360496
466,118.6576202,33.34974733,13.358084
467,118.6577886,33.34976454,13.356514
468,118.6579578,33.34978197,13.355465
469,118.6581276,33.34979959,13.35511
470,118.6582979,33.34981736,13.355095
471,118.6584688,33.34983526,13.355284
472,118.6532074,33.3494328,12.892449
473,118.6533221,33.34944373,12.890212
474,118.6534382,33.34945403,12.881768
475,118.6535556,33.34946379,12.868895
476,118.6540411,33.34949934,13.330232
477,118.6541667,33.34950783,13.328949
478,118.6542942,33.34951634,13.332897
479,118.6544237,33.34952499,13.336963
480,118.6545551,33.34953384,13.340389
481,118.6546886,33.34954301,13.342529
482,118.6548243,33.34955259,13.34514
483,118.6549622,33.34956268,13.347719
484,118.6551024,33.34957337,13.34949
485,118.655245,33.34958473,13.351292
486,118.6553899,33.34959681,13.352076
487,118.6555371,33.34960958,13.352274
488,118.6556864,33.34962302,13.352234
489,118.6558378,33.34963709,13.35242
490,118.6559912,33.34965176,13.353525
491,118.6561464,33.349667,13.354344
492,118.6563034,33.34968278,13.354208
493,118.656462,33.34969907,13.354755
494,118.6566223,33.34971584,13.357279
495,118.6567839,33.34973305,13.360824
496,118.6569469,33.34975068,13.363705
497,118.6571112,33.34976871,13.365314
498,118.6572767,33.34978708,13.363554
499,118.6574432,33.34980577,13.361218
500,118.6576106,33.34982476,13.358485
501,118.6577789,33.34984401,13.356592
502,118.657948,33.3498635,13.355247
503,118.6581177,33.34988317,13.355212
504,118.658288,33.34990303,13.355698
505,118.6584587,33.34992302,13.357541
506,118.6532009,33.34946554,12.89426
507,118.6533155,33.3494772,12.893249
508,118.6534315,33.34948827,12.886092
509,118.6535489,33.34949886,12.870073
510,118.6541594,33.34954774,13.328198
511,118.6542868,33.34955737,13.332428
512,118.6544161,33.34956718,13.336679
513,118.6545473,33.34957726,13.340135
514,118.6546807,33.3495877,13.342212
515,118.6548162,33.3495986,13.34476
516,118.654954,33.34961006,13.347039
517,118.655094,33.34962217,13.348677
518,118.6552364,33.34963501,13.350935
519,118.6553812,33.34964862,13.352652
520,118.6555282,33.34966297,13.353122
521,118.6556774,33.34967802,13.352899
522,118.6558287,33.34969376,13.352937
523,118.6559819,33.34971014,13.353768
524,118.656137,33.34972714,13.354332
525,118.6562938,33.34974471,13.354078
526,118.6564523,33.34976282,13.354604
527,118.6566123,33.34978145,13.357343
528,118.6567739,33.34980056,13.361321
529,118.6569367,33.34982012,13.364535
530,118.6571009,33.34984008,13.366338
531,118.6572662,33.34986043,13.364594
532,118.6574325,33.34988112,13.361732
533,118.6575998,33.34990212,13.358889
534,118.657768,33.34992342,13.356698
535,118.6579369,33.34994495,13.354963
536,118.6581064,33.3499667,13.35525
537,118.6582766,33.34998863,13.355989
538,118.6584471,33.3500107,13.359247
539,118.653194,33.34949839,12.89188
540,118.6533085,33.34951078,12.895461
541,118.6534244,33.34952262,12.892632
542,118.6535417,33.34953402,12.872223
543,118.6541516,33.3495877,13.325804
544,118.6542788,33.34959844,13.331205
545,118.6544079,33.34960941,13.336021
546,118.6545391,33.3496207,13.339608
547,118.6546722,33.3496324,13.341718
548,118.6548076,33.34964461,13.344226
549,118.6549452,33.34965743,13.346211
550,118.655085,33.34967095,13.347751
551,118.6552272,33.34968527,13.350636
552,118.6553718,33.34970039,13.35361
553,118.6555186,33.34971631,13.354475
554,118.6556676,33.34973299,13.353963
555,118.6558187,33.3497504,13.353817
556,118.6559717,33.34976849,13.354297
557,118.6561266,33.34978723,13.354505
558,118.6562832,33.34980658,13.354191
559,118.6564415,33.34982652,13.354669
560,118.6566014,33.34984701,13.357254
561,118.6567627,33.349868,13.36104
562,118.6569254,33.34988948,13.364232
563,118.6570893,33.34991139,13.366281
564,118.6572544,33.3499337,13.364864
565,118.6574205,33.3499564,13.36196
566,118.6575876,33.34997942,13.358871
567,118.6577556,33.35000273,13.356417
568,118.6579243,33.35002632,13.354369
569,118.6580937,33.35005014,13.355164
570,118.6582636,33.35007415,13.356061
571,118.6531867,33.34953137,12.882809
572,118.6533012,33.34954447,12.890132
573,118.653417,33.34955708,12.888373
574,118.6535342,33.34956928,12.892015
575,118.6541433,33.34962772,13.321242
576,118.6542704,33.34963955,13.329226
577,118.6543993,33.34965167,13.33503
578,118.6545302,33.34966416,13.338917
579,118.6546632,33.34967711,13.341152
580,118.6547983,33.34969063,13.343632
581,118.6549357,33.3497048,13.345369
582,118.6550753,33.34971974,13.346877
583,118.6552173,33.3497355,13.350533
584,118.6553617,33.34975215,13.354866
585,118.6555083,33.34976964,13.355989
586,118.655657,33.34978793,13.355117
587,118.6558079,33.34980698,13.354897
588,118.6559606,33.34982678,13.355151
589,118.6561153,33.34984726,13.354868
590,118.6562717,33.3498684,13.354504
591,118.6564297,33.34989016,13.355007
592,118.6565893,33.34991249,13.357142
593,118.6567504,33.34993538,13.359954
594,118.6569128,33.34995877,13.362416
595,118.6570765,33.34998263,13.364695
596,118.6572413,33.35000691,13.364088
597,118.6574072,33.3500316,13.362278
598,118.6575741,33.35005663,13.358395
599,118.6577418,33.35008198,13.35553
600,118.6579102,33.35010762,13.353428
601,118.6580793,33.3501335,13.3554
602,118.658249,33.35015959,13.358235
603,118.6531791,33.34956449,12.889959
604,118.6532935,33.34957828,12.887872
605,118.6534092,33.34959164,12.877561
606,118.6535262,33.34960465,12.662558
607,118.6541345,33.34966777,13.313587
608,118.6542614,33.34968071,13.326503
609,118.6543901,33.34969396,13.333811
610,118.6545208,33.34970763,13.338161
611,118.6546535,33.34972183,13.340555
612,118.6547884,33.34973664,13.343001
613,118.6549255,33.34975216,13.344578
614,118.6550649,33.3497685,13.346182
615,118.6552066,33.34978573,13.35074
616,118.6553507,33.34980387,13.356218
617,118.6554971,33.34982291,13.357046
618,118.6556455,33.34984281,13.355797
619,118.6557961,33.34986353,13.355748
620,118.6559486,33.34988501,13.356284
621,118.6561029,33.34990724,13.355427
622,118.656259,33.34993015,13.354874
623,118.6564168,33.34995373,13.355515
624,118.6565761,33.34997792,13.357178
625,118.6567369,33.35000268,13.358528
626,118.656899,33.35002798,13.359553
627,118.6570623,33.35005379,13.361839
628,118.6572269,33.35008004,13.362164
629,118.6573924,33.35010671,13.362707
630,118.657559,33.35013376,13.357555
631,118.6577263,33.35016115,13.354166
632,118.6578945,33.35018883,13.352362
633,118.6580632,33.35021678,13.355509
634,118.652946,33.34956716,12.775602
635,118.653058,33.34958275,12.919833
636,118.6531711,33.34959774,12.899577
637,118.6532854,33.34961223,12.891706
638,118.653401,33.34962633,12.882475
639,118.6535179,33.34964011,12.873966
640,118.653756,33.34966716,12.972297
641,118.6538774,33.34968062,13.109484
642,118.6540004,33.34969417,13.204497
643,118.6541252,33.34970789,13.299111
644,118.6542518,33.3497219,13.323045
645,118.6543803,33.34973628,13.332483
646,118.6545107,33.34975113,13.337382
647,118.6546432,33.34976656,13.339897
648,118.6547778,33.34978266,13.342278
649,118.6549146,33.34979952,13.343803
650,118.6550537,33.34981725,13.345675
651,118.6551952,33.34983592,13.351203
652,118.6553389,33.34985557,13.357232
653,118.6554849,33.34987616,13.356839
654,118.6556331,33.34989765,13.355352
655,118.6557833,33.34992002,13.355681
656,118.6559355,33.34994319,13.357451
657,118.6560895,33.34996715,13.356198
658,118.6562452,33.34999185,13.355173
659,118.6564026,33.35001723,13.355971
660,118.6565616,33.35004327,13.35743
661,118.656722,33.35006991,13.357417
662,118.6568837,33.35009712,13.356659
663,118.6570467,33.35012487,13.358647
664,118.6572109,33.35015308,13.359254
665,118.6573761,33.35018174,13.362894
666,118.6575422,33.3502108,13.356795
667,118.6577092,33.35024022,13.353046
668,118.657877,33.35026996,13.351967
669,118.6528269,33.3495825,12.739965
670,118.6529378,33.34959933,12.883553
671,118.6530497,33.34961552,12.919489
672,118.6531627,33.34963114,12.903584
673,118.6532769,33.34964631,12.895125
674,118.6533923,33.34966114,12.886093
675,118.653509,33.3496757,12.879699
676,118.6536271,33.3496901,12.869883
677,118.6537468,33.34970445,12.950355
678,118.6538679,33.34971882,13.105365
679,118.6539907,33.34973333,13.207845
680,118.6541153,33.34974807,13.292583
681,118.6542416,33.34976315,13.319731
682,118.6543698,33.34977864,13.331163
683,118.6545,33.34979467,13.3366
684,118.6546322,33.34981131,13.339138
685,118.6547665,33.34982869,13.341387
686,118.654903,33.34984687,13.342956
687,118.6550417,33.34986598,13.345268
688,118.6551828,33.34988609,13.351678
689,118.6553262,33.34990722,13.357293
690,118.6554719,33.34992936,13.354712
691,118.6556197,33.34995246,13.353449
692,118.6557695,33.34997646,13.354046
693,118.6559213,33.35000132,13.358191
694,118.6560749,33.350027,13.357157
695,118.6562302,33.35005347,13.355395
696,118.6563872,33.35008066,13.356183
697,118.6565458,33.35010854,13.357828
698,118.6567058,33.35013705,13.357073
699,118.6568671,33.35016618,13.354489
700,118.6570296,33.35019586,13.356006
701,118.6571933,33.35022603,13.355891
702,118.6573581,33.35025668,13.362995
703,118.6575238,33.35028776,13.356411
704,118.6576903,33.35031921,13.351727
705,118.6528184,33.3496143,12.729765
706,118.6529292,33.34963167,12.904584
707,118.653041,33.34964844,12.904669
708,118.6531539,33.3496647,12.900831
709,118.6532679,33.34968055,12.89544
710,118.6533831,33.34969609,12.888907
711,118.6534997,33.34971141,12.883436
712,118.6536176,33.34972662,12.871091
713,118.653737,33.34974182,12.944106
714,118.6538579,33.3497571,13.102771
715,118.6539805,33.34977257,13.209553
716,118.6541047,33.34978831,13.288256
717,118.6542308,33.34980444,13.316957
718,118.6543587,33.34982104,13.329952
719,118.6544885,33.34983822,13.335854
720,118.6546204,33.34985608,13.338282
721,118.6547543,33.34987471,13.340292
722,118.6548905,33.34989422,13.341941
723,118.6550289,33.34991469,13.344813
724,118.6551696,33.34993623,13.351866
725,118.6553126,33.34995886,13.355983
726,118.6554578,33.34998253,13.350705
727,118.6556052,33.3500072,13.350511
728,118.6557546,33.35003284,13.350742
729,118.6559059,33.35005939,13.358036
730,118.6560591,33.35008679,13.358182
731,118.656214,33.35011501,13.355656
732,118.6563705,33.35014401,13.356094
733,118.6565286,33.35017372,13.358166
734,118.656688,33.35020412,13.357612
735,118.6568489,33.35023515,13.353215
736,118.6570109,33.35026675,13.354227
737,118.6571741,33.3502989,13.351842
738,118.6528095,33.34964629,12.72284
739,118.6529202,33.3496642,12.894428
740,118.6530319,33.34968155,12.892992
741,118.6531446,33.34969842,12.896731
742,118.6532584,33.34971493,12.893932
743,118.6533735,33.34973118,12.892275
744,118.6534898,33.34974725,12.890307
745,118.6536075,33.34976326,12.868458
746,118.6537267,33.3497793,12.943398
747,118.6538473,33.34979547,13.103304
748,118.6539696,33.34981188,13.2114
749,118.6540936,33.34982862,13.285731
750,118.6542193,33.34984578,13.314759
751,118.6543468,33.34986348,13.32892
752,118.6544763,33.34988181,13.335204
753,118.6546078,33.34990086,13.337362
754,118.6547414,33.34992074,13.338998
755,118.6548771,33.34994156,13.340678
756,118.6550151,33.3499634,13.344158
757,118.6551554,33.34998635,13.351611
758,118.6552979,33.35001045,13.353503
759,118.6554427,33.35003565,13.345858
760,118.6555896,33.3500619,13.347772
761,118.6557385,33.35008916,13.34659
762,118.6558894,33.35011738,13.356888
763,118.656042,33.3501465,13.359137
764,118.6561964,33.35017648,13.356179
765,118.6563524,33.35020728,13.355924
766,118.6565099,33.35023883,13.358231
767,118.6566688,33.3502711,13.358835
768,118.6568291,33.35030402,13.352624
769,118.6529107,33.34969692,12.873601
770,118.6530223,33.34971483,12.887891
771,118.6531348,33.34973231,12.893582
772,118.6532485,33.34974948,12.892482
773,118.6533633,33.34976642,12.897139
774,118.6534794,33.34978323,12.905041
775,118.6535969,33.34980003,12.862661
776,118.6537157,33.34981689,12.945522
777,118.6538361,33.34983395,13.106788
778,118.6539581,33.34985128,13.213589
779,118.6540817,33.34986899,13.285025
780,118.6542071,33.34988718,13.313075
781,118.6543343,33.34990596,13.328107
782,118.6544634,33.34992542,13.334723
783,118.6545945,33.34994565,13.336438
784,118.6547276,33.34996678,13.337569
785,118.6548629,33.34998889,13.339149
786,118.6550004,33.35001208,13.343221
787,118.6551402,33.35003645,13.351034
788,118.6552823,33.350062,13.35072
789,118.6554265,33.35008872,13.341808
790,118.6555729,33.35011654,13.346636
791,118.6557212,33.35014542,13.343072
792,118.6558715,33.35017531,13.355169
793,118.6560236,33.35020614,13.359905
794,118.6561774,33.35023788,13.357168
795,118.6563327,33.35027047,13.356225
796,118.6564896,33.35030384,13.358198
797,118.6566479,33.35033798,13.359829
798,118.6529008,33.34972986,12.756614
799,118.6530122,33.34974831,12.888329
800,118.6531245,33.34976639,12.893075
801,118.653238,33.34978419,12.891578
802,118.6533526,33.3498018,12.902258
803,118.6534684,33.34981935,12.934565
804,118.6535856,33.34983691,12.85696
805,118.6537042,33.3498546,12.951722
806,118.6538243,33.34987251,13.112894
807,118.6539459,33.34989076,13.21594
808,118.6540691,33.34990944,13.286084
809,118.6541941,33.34992864,13.311731
810,118.6543209,33.34994849,13.327518
811,118.6544496,33.34996906,13.334492
812,118.6545802,33.34999047,13.335586
813,118.6547129,33.35001282,13.336144
814,118.6548477,33.35003621,13.337438
815,118.6549847,33.35006074,13.342064
816,118.655124,33.3500865,13.350504
817,118.6552655,33.35011352,13.348721
818,118.6554092,33.35014175,13.339849
819,118.6555549,33.35017114,13.34764
820,118.6557027,33.35020162,13.341435
821,118.6558523,33.35023317,13.353517
822,118.6560038,33.35026571,13.360187
823,118.6561569,33.35029919,13.358273
824,118.6563116,33.35033356,13.357249
825,118.6564678,33.35036877,13.358728
826,118.6566254,33.35040476,13.360455
827,118.6530016,33.34978199,12.883889
828,118.6531137,33.34980065,12.893529
829,118.6532269,33.34981908,12.890528
830,118.6533413,33.34983735,12.903974
831,118.6534569,33.34985561,12.954437
832,118.6535738,33.34987393,12.876651
833,118.653692,33.34989242,12.970695
834,118.6538117,33.34991119,13.120464
835,118.653933,33.34993034,13.217872
836,118.6540559,33.34994995,13.289016
837,118.6541804,33.34997016,13.310296
838,118.6543068,33.34999105,13.327087
839,118.654435,33.35001273,13.334611
840,118.6545651,33.3500353,13.334882
841,118.6546973,33.35005887,13.334936
842,118.6548316,33.35008353,13.335689
843,118.654968,33.35010938,13.340878
844,118.6551067,33.35013653,13.35044
845,118.6552476,33.35016499,13.348165
846,118.6553906,33.35019472,13.339993
847,118.6555357,33.35022566,13.349864
848,118.6556828,33.35025775,13.341717
849,118.6558318,33.35029095,13.352252
850,118.6559825,33.35032519,13.359258
851,118.6561349,33.35036041,13.358075
852,118.6562888,33.35039657,13.357622
853,118.6564443,33.35043359,13.358865
854,118.6566011,33.35047144,13.359665
855,118.6532154,33.34985411,12.891403
856,118.6540418,33.34999053,13.294754
857,118.654166,33.35001172,13.306524
858,118.6544195,33.35005641,13.335371
859,118.6546808,33.35010489,13.335143
860,118.6548144,33.35013081,13.334083
861,118.6549502,33.35015798,13.339958
862,118.6550883,33.3501865,13.351106
863,118.6552285,33.35021639,13.34886
864,118.6553709,33.3502476,13.340752
865,118.6555153,33.35028009,13.351634
866,118.6556616,33.35031378,13.342635
867,118.6558098,33.35034861,13.351477
868,118.6559598,33.35038454,13.35665
869,118.6561113,33.3504215,13.355343
870,118.6562645,33.35045943,13.355447
871,118.6564191,33.35049827,13.356027
872,118.6565751,33.35053797,13.354364
873,118.6540271,33.35003112,13.292927
874,118.6547964,33.35017801,13.332736
875,118.6550689,33.35023637,13.352895
876,118.6552084,33.35026768,13.349882
877,118.65535,33.35030037,13.340078
878,118.6554937,33.35033438,13.35249
879,118.6556392,33.35036966,13.343019
880,118.6557866,33.35040612,13.351809
881,118.6559357,33.35044373,13.353417
882,118.6560864,33.3504824,13.35192
883,118.6562386,33.35052209,13.353283
884,118.6563923,33.35056274,13.356281
885,118.6565474,33.35060427,13.361454
886,118.6553281,33.35035296,13.337276
887,118.6554709,33.35038849,13.353887
888,118.6556156,33.35042532,13.343102
889,118.6557621,33.3504634,13.352887
890,118.6559102,33.35050267,13.352197
891,118.65606,33.35054306,13.353859
892,118.6562113,33.3505845,13.360547
893,118.656364,33.35062693,13.372853
894,118.6565181,33.35067028,13.390714
895,118.6566734,33.35071451,13.406552
896,118.6555909,33.35048073,13.343198
897,118.6557364,33.35052041,13.3574
898,118.6558836,33.35056132,13.362626
899,118.6560324,33.35060339,13.372229
900,118.6561827,33.35064656,13.386963
901,118.6563343,33.35069076,13.405487
902,118.6564873,33.35073593,13.421756
903,118.6566415,33.35078199,13.407477
904,118.6557096,33.35057707,13.387378
905,118.6558558,33.35061961,13.396332
906,118.6560035,33.35066335,13.409512
907,118.6561527,33.35070822,13.42623
908,118.6563033,33.35075417,13.443873
909,118.6564551,33.35080112,13.454871
910,118.6581852,33.35136382,14.440146
911,118.6556818,33.35063334,13.429776
912,118.6558269,33.35067747,13.437871
913,118.6559735,33.35072285,13.449994
914,118.6561216,33.35076941,13.46469
915,118.656271,33.35081708,13.479708
916,118.6564216,33.35086578,13.487338
917,118.6573473,33.35117577,13.665736
918,118.6575043,33.35122973,13.665534
919,118.6581374,33.35144949,14.441466
920,118.6582964,33.35150506,14.438416
921,118.6584556,33.35156073,14.474608
922,118.6555107,33.35064482,13.467282
923,118.6556531,33.35068915,13.466911
924,118.655797,33.35073485,13.474362
925,118.6559425,33.35078184,13.484965
926,118.6560893,33.35083006,13.497293
927,118.6562375,33.35087942,13.510953
928,118.6563869,33.35092984,13.526708
929,118.6565375,33.35098127,13.56267
930,118.6573046,33.35125081,13.665649
931,118.6574603,33.35130667,13.66671
932,118.6576165,33.35136301,13.661792
933,118.6577732,33.35141977,13.645007
934,118.6580877,33.3515342,14.437057
935,118.6582453,33.35159172,14.448063
936,118.658403,33.35164937,14.474722
937,118.6556234,33.35074444,13.497678
938,118.6557662,33.35079168,13.504664
939,118.6559104,33.35084026,13.513641
940,118.656056,33.35089008,13.523417
941,118.6562029,33.3509411,13.534103
942,118.656351,33.35099323,13.547318
943,118.6565003,33.35104638,13.563556
944,118.6571068,33.35126778,13.653494
945,118.6572604,33.35132494,13.661672
946,118.6574146,33.35138267,13.6681
947,118.6575694,33.35144091,13.665017
948,118.6577246,33.35149956,13.662236
949,118.6578803,33.35155856,13.890927
950,118.6580362,33.35161782,14.378346
951,118.6581923,33.35167727,14.431077
952,118.6583485,33.35173684,14.474761
953,118.655593,33.35079916,13.523114
954,118.6557345,33.3508479,13.529613
955,118.6558775,33.35089802,13.536828
956,118.6560218,33.35094944,13.544114
957,118.6561673,33.35100207,13.5516
958,118.6563141,33.35105585,13.559737
959,118.6564619,33.35111069,13.566885
960,118.6569112,33.3512808,13.642215
961,118.6570627,33.3513391,13.649812
962,118.6572148,33.35139808,13.657753
963,118.6573675,33.35145764,13.664714
964,118.6575208,33.35151771,13.657363
965,118.6576745,33.35157822,13.633201
966,118.6578286,33.35163908,13.860282
967,118.6579829,33.35170022,14.342915
968,118.6581375,33.35176155,14.416876
969,118.6582922,33.351823,14.474874
970,118.6555618,33.35085325,13.543786
971,118.655702,33.35090345,13.549952
972,118.6558437,33.35095507,13.5553
973,118.6559866,33.35100804,13.560372
974,118.6561308,33.35106225,13.565247
975,118.6562762,33.35111764,13.569746
976,118.6564226,33.35117412,13.572197
977,118.6568674,33.35134932,13.641197
978,118.6570173,33.35140937,13.644939
979,118.6571679,33.35147011,13.650658
980,118.6573191,33.35153145,13.652361
981,118.6574708,33.35159332,13.639112
982,118.6576229,33.35165564,13.596684
983,118.6577754,33.35171831,13.617287
984,118.6555299,33.35090665,13.560737
985,118.6556689,33.35095828,13.566196
986,118.6558091,33.35101136,13.569601
987,118.6559507,33.35106581,13.572875
988,118.6560935,33.35112157,13.575935
989,118.6562374,33.35117852,13.578343
990,118.6563823,33.3512366,13.577604
991,118.6568225,33.35141674,13.634665
992,118.6569709,33.35147849,13.637953
993,118.6571198,33.35154093,13.641558
994,118.6572694,33.351604,13.638896
995,118.6574195,33.35166761,13.624039
996,118.6575699,33.35173169,13.605337
997,118.6577208,33.35179613,13.603504
998,118.6553612,33.35090787,13.595828
999,118.6554975,33.3509593,13.57898
1000,118.655635,33.35101231,13.578732
1001,118.6557739,33.3510668,13.580211
1002,118.6559141,33.35112271,13.582172
1003,118.6560554,33.35117995,13.584121
1004,118.6561978,33.35123841,13.585798
1005,118.6563412,33.35129804,13.586531
1006,118.6564855,33.35135872,13.595078
1007,118.6567767,33.35148296,13.624682
1008,118.6569234,33.35154634,13.629207
1009,118.6570707,33.35161044,13.631874
1010,118.6572186,33.35167519,13.628397
1011,118.657367,33.35174048,13.617805
1012,118.6575158,33.35180626,13.610227
1013,118.6576649,33.3518724,13.610723
1014,118.6553296,33.35095842,13.595969
1015,118.6554645,33.35101114,13.588748
1016,118.6556007,33.35106548,13.58716
1017,118.6557382,33.35112134,13.58769
1018,118.6558768,33.35117865,13.588852
1019,118.6560166,33.35123732,13.590133
1020,118.6561575,33.35129724,13.591401
1021,118.6562993,33.35135835,13.592845
1022,118.656442,33.35142056,13.596742
1023,118.6565856,33.35148377,13.597063
1024,118.6567299,33.35154789,13.611211
1025,118.656875,33.35161284,13.619944
1026,118.6570206,33.35167854,13.622921
1027,118.6571668,33.35174489,13.621042
1028,118.6573134,33.35181181,13.615443
1029,118.6574605,33.35187921,13.611748
1030,118.6576079,33.35194701,13.611726
1031,118.6552976,33.35100815,13.596588
1032,118.655431,33.35106211,13.593669
1033,118.6555658,33.35111773,13.592592
1034,118.6557018,33.35117491,13.592821
1035,118.655839,33.35123356,13.593563
1036,118.6559773,33.3512936,13.594464
1037,118.6561165,33.35135493,13.595478
1038,118.6562568,33.35141747,13.596842
1039,118.6563979,33.35148112,13.599258
1040,118.6565398,33.35154581,13.600982
1041,118.6566824,33.35161143,13.607988
1042,118.6568257,33.3516779,13.613275
1043,118.6569696,33.35174512,13.61599
1044,118.6571141,33.35181302,13.616089
1045,118.657259,33.3518815,13.614292
1046,118.6574042,33.35195047,13.612772
1047,118.6575498,33.35201984,13.612562
1048,118.6552651,33.351057,13.597609
1049,118.6553972,33.35111217,13.59664
1050,118.6555306,33.351169,13.596143
1051,118.6556651,33.35122744,13.596345
1052,118.6558007,33.35128738,13.596899
1053,118.6559374,33.35134874,13.597609
1054,118.6560751,33.3514114,13.598476
1055,118.6562137,33.35147531,13.599699
1056,118.6563531,33.35154035,13.601563
1057,118.6564933,33.35160643,13.603503
1058,118.6566342,33.35167348,13.607147
1059,118.6567758,33.35174139,13.6099
1060,118.6569179,33.35181008,13.611866
1061,118.6570606,33.35187945,13.613025
1062,118.6572036,33.35194941,13.613342
1063,118.6573471,33.35201987,13.613276
1064,118.6574909,33.35209075,13.613563
1065,118.6551031,33.35105045,13.601356
1066,118.6552325,33.35110494,13.599133
1067,118.6553631,33.35116123,13.598687
1068,118.655495,33.35121924,13.598559
1069,118.655628,33.35127887,13.598829
1070,118.655762,33.35134003,13.599328
1071,118.6558971,33.35140264,13.599961
1072,118.6560332,33.35146658,13.600764
1073,118.6561701,33.35153178,13.601892
1074,118.6563078,33.35159814,13.603491
1075,118.6564463,33.35166556,13.605298
1076,118.6565854,33.35173396,13.607487
1077,118.6567252,33.35180324,13.609055
1078,118.6568655,33.35187331,13.610364
1079,118.6570064,33.35194408,13.611607
1080,118.6571476,33.35201545,13.612547
1081,118.6572892,33.35208733,13.612966
1082,118.6574311,33.35215963,13.613126
1083,118.6550716,33.35109635,13.60115
1084,118.6551996,33.35115188,13.600359
1085,118.6553288,33.35120925,13.600168
1086,118.6554591,33.35126837,13.600294
1087,118.6555906,33.35132913,13.600661
1088,118.6557231,33.35139146,13.601176
1089,118.6558565,33.35145523,13.6018
1090,118.6559909,33.35152039,13.602583
1091,118.6561261,33.35158681,13.603642
1092,118.6562621,33.35165441,13.60505
1093,118.6563988,33.3517231,13.606639
1094,118.6565362,33.35179278,13.608244
1095,118.6566741,33.35186334,13.609418
1096,118.6568126,33.35193472,13.610418
1097,118.6569516,33.35200681,13.611391
1098,118.657091,33.3520795,13.612186
1099,118.6572307,33.35215271,13.612623
1100,118.6573707,33.35222635,13.612684
1101,118.65504,33.35114128,13.600954
1102,118.6551665,33.35119779,13.601183
1103,118.6552942,33.35125618,13.601292
1104,118.6554231,33.35131634,13.601617
1105,118.655553,33.35137817,13.602088
1106,118.6556839,33.35144157,13.602649
1107,118.6558157,33.35150647,13.603293
1108,118.6559483,33.35157274,13.60407
1109,118.6560818,33.35164031,13.60506
1110,118.6562161,33.35170908,13.606299
1111,118.656351,33.35177895,13.607676
1112,118.6564865,33.35184982,13.609015
1113,118.6566227,33.3519216,13.61008
1114,118.6567593,33.3519942,13.610977
1115,118.6568964,33.35206751,13.61172
1116,118.6570338,33.35214144,13.612231
1117,118.6571717,33.3522159,13.612554
1118,118.6573097,33.35229079,13.612219
1119,118.6550083,33.35118516,13.600653
1120,118.6551334,33.35124261,13.601844
1121,118.6552596,33.35130195,13.602212
1122,118.6553869,33.35136307,13.602687
1123,118.6555152,33.3514259,13.603251
1124,118.6556445,33.35149032,13.603866
1125,118.6557746,33.35155625,13.604533
1126,118.6559056,33.35162358,13.605294
1127,118.6560373,33.35169221,13.606207
1128,118.6561698,33.35176206,13.607295
1129,118.6563029,33.35183303,13.608493
1130,118.6564366,33.35190501,13.609672
1131,118.6565709,33.35197791,13.610679
1132,118.6567056,33.35205164,13.611514
1133,118.6568408,33.35212609,13.612111
1134,118.6569763,33.35220117,13.612423
1135,118.6571122,33.35227679,13.612564
1136,118.6572483,33.35235283,13.612408
1137,118.6551003,33.35128627,13.602641
1138,118.655225,33.35134649,13.603033
1139,118.6553508,33.35140852,13.603601
1140,118.6554775,33.35147227,13.604234
1141,118.6556051,33.35153763,13.604888
1142,118.6557335,33.35160451,13.605563
1143,118.6558628,33.35167281,13.606294
1144,118.6559927,33.35174243,13.607126
1145,118.6561234,33.35181327,13.60809
1146,118.6562547,33.35188525,13.609148
1147,118.6563865,33.35195825,13.610202
1148,118.6565189,33.35203217,13.611133
1149,118.6566517,33.35210694,13.611891
1150,118.656785,33.35218243,13.612384
1151,118.6569186,33.35225857,13.612588
1152,118.6570525,33.35233524,13.612634
1153,118.6571866,33.35241235,13.612542
1154,118.6550672,33.35132873,13.603336
1155,118.6551904,33.35138976,13.603792
1156,118.6553146,33.35145262,13.604412
1157,118.6554397,33.35151721,13.605082
1158,118.6555657,33.35158343,13.605749
1159,118.6556924,33.35165118,13.606413
1160,118.6558199,33.35172036,13.607101
1161,118.6559481,33.35179088,13.607863
1162,118.6560769,33.35186263,13.60873
1163,118.6562064,33.35193551,13.60968
1164,118.6563364,33.35200944,13.610621
1165,118.6564668,33.3520843,13.611453
1166,118.6565977,33.35216,13.612112
1167,118.656729,33.35223644,13.61252
1168,118.6568607,33.35231353,13.612673
1169,118.6569926,33.35239115,13.612695
1170,118.6571247,33.35246923,13.612666
1171,118.6550343,33.35136992,13.604087
1172,118.655156,33.3514317,13.604548
1173,118.6552786,33.35149531,13.605169
1174,118.6554021,33.35156066,13.605831
1175,118.6555264,33.35162765,13.606482
1176,118.6556514,33.35169618,13.607114
1177,118.6557771,33.35176616,13.607757
1178,118.6559035,33.35183747,13.608459
1179,118.6560306,33.35191003,13.609256
1180,118.6561581,33.35198373,13.610118
1181,118.6562862,33.35205849,13.610952
1182,118.6564148,33.35213417,13.611668
1183,118.6565437,33.35221071,13.612214
1184,118.6566731,33.35228799,13.612547
1185,118.6568027,33.35236593,13.612676
1186,118.6569327,33.3524444,13.612707
1187,118.6570628,33.35252333,13.612761
1188,118.6550016,33.35140981,13.604945
1189,118.6551217,33.35147224,13.605352
1190,118.6552428,33.35153652,13.605911
1191,118.6553646,33.35160255,13.606517
1192,118.6554872,33.35167023,13.607116
1193,118.6556105,33.35173945,13.6077
1194,118.6557345,33.35181012,13.608297
1195,118.6558591,33.35188215,13.608953
1196,118.6559843,33.35195541,13.609695
1197,118.65611,33.35202983,13.610483
1198,118.6562362,33.3521053,13.611213
1199,118.6563628,33.35218172,13.611805
1200,118.6564898,33.35225898,13.612234
1201,118.6566172,33.35233699,13.612493
1202,118.6567449,33.35241566,13.612602
1203,118.6568728,33.35249487,13.612641
1204,118.6570009,33.35257453,13.612815
1205,118.6549691,33.35144833,13.605897
1206,118.6550878,33.35151134,13.606223
1207,118.6552072,33.35157621,13.606666
1208,118.6553274,33.35164283,13.607166
1209,118.6554483,33.3517111,13.607684
1210,118.6555699,33.35178092,13.608209
1211,118.6556921,33.35185219,13.608759
1212,118.6558149,33.35192482,13.609374
1213,118.6559383,33.3519987,13.610071
1214,118.6560621,33.35207372,13.61079
1215,118.6561864,33.3521498,13.611419
1216,118.6563111,33.35222684,13.611889
1217,118.6564361,33.35230471,13.612204
1218,118.6565615,33.35238335,13.612386
1219,118.6566872,33.35246263,13.612465
1220,118.6568131,33.35254246,13.612447
1221,118.6569392,33.35262275,13.612783
1222,118.6549369,33.35148551,13.60684
1223,118.655054,33.35154902,13.607121
1224,118.6551719,33.35161439,13.607423
1225,118.6552905,33.35168151,13.607792
1226,118.6554097,33.35175029,13.60821
1227,118.6555296,33.35182061,13.608664
1228,118.65565,33.35189239,13.609167
1229,118.655771,33.35196552,13.609745
1230,118.6558925,33.3520399,13.610398
1231,118.6560144,33.35211543,13.61105
1232,118.6561368,33.35219202,13.611584
1233,118.6562596,33.35226955,13.611945
1234,118.6563827,33.35234794,13.612156
1235,118.6565061,33.35242708,13.612263
1236,118.6566297,33.35250687,13.612298
1237,118.6567536,33.3525872,13.612241
1238,118.6568777,33.352668,13.612169
1239,118.654905,33.35152141,13.607665
1240,118.6550206,33.35158535,13.607965
1241,118.6551368,33.35165114,13.608137
1242,118.6552538,33.35171869,13.608379
1243,118.6553713,33.35178788,13.608697
1244,118.6554895,33.35185862,13.609081
1245,118.6556081,33.35193081,13.609536
1246,118.6557273,33.35200434,13.610076
1247,118.6558469,33.35207913,13.610683
1248,118.655967,33.35215507,13.611269
1249,118.6560875,33.35223205,13.611719
1250,118.6562083,33.35230999,13.611994
1251,118.6563294,33.35238878,13.612126
1252,118.6564508,33.35246831,13.612172
1253,118.6565725,33.35254849,13.612172
1254,118.6566943,33.35262923,13.612143
1255,118.6568164,33.35271042,13.612082
1256,118.6547598,33.35149376,13.610351
1257,118.6548732,33.35155611,13.608692
1258,118.6549873,33.35162041,13.60869
1259,118.655102,33.35168656,13.608752
1260,118.6552172,33.35175444,13.608901
1261,118.6553331,33.35182397,13.609139
1262,118.6554495,33.35189503,13.609462
1263,118.6555664,33.35196755,13.609872
1264,118.6556838,33.35204141,13.610372
1265,118.6558016,33.35211651,13.61093
1266,118.6559197,33.35219275,13.611452
1267,118.6560383,33.35227005,13.611833
1268,118.6561572,33.35234829,13.612045
1269,118.6562763,33.35242737,13.61213
1270,118.6563958,33.3525072,13.612142
1271,118.6565154,33.35258768,13.612123
1272,118.6566352,33.35266871,13.612111
1273,118.6567552,33.35275018,13.612059
1274,118.6547296,33.35152706,13.61025
1275,118.6548416,33.35158971,13.609388
1276,118.6549541,33.3516543,13.609234
1277,118.6550672,33.35172073,13.609235
1278,118.6551809,33.35178888,13.609334
1279,118.6552951,33.35185866,13.609523
1280,118.6554097,33.35192998,13.609802
1281,118.6555248,33.35200273,13.610171
1282,118.6556404,33.35207683,13.610631
1283,118.6557563,33.35215215,13.611139
1284,118.6558726,33.35222862,13.611602
1285,118.6559893,33.35230613,13.611928
1286,118.6561062,33.35238458,13.612101
1287,118.6562234,33.35246387,13.612163
1288,118.6563408,33.35254391,13.612162
1289,118.6564585,33.35262458,13.612137
1290,118.6565763,33.3527058,13.612146
1291,118.6566942,33.35278747,13.611937
1292,118.6545897,33.35149852,13.610476
1293,118.6546996,33.3515594,13.610271
1294,118.65481,33.3516223,13.609778
1295,118.654921,33.3516871,13.609608
1296,118.6550325,33.35175374,13.609591
1297,118.6551446,33.35182209,13.609674
1298,118.6552571,33.35189206,13.609842
1299,118.65537,33.35196355,13.610095
1300,118.6554834,33.35203647,13.610433
1301,118.6555971,33.35211072,13.610852
1302,118.6557112,33.3521862,13.611312
1303,118.6558256,33.35226279,13.611723
1304,118.6559403,33.35234043,13.612006
1305,118.6560553,33.35241901,13.612154
1306,118.6561706,33.35249841,13.612205
1307,118.656286,33.35257855,13.612201
1308,118.6564016,33.35265934,13.612175
1309,118.6565174,33.35274067,13.612149
1310,118.6566333,33.35282243,13.612009
1311,118.6544531,33.35147079,13.610435
1312,118.654561,33.35152977,13.610451
1313,118.6546695,33.35159085,13.61031
1314,118.6547785,33.35165392,13.610003
1315,118.654888,33.3517189,13.609858
1316,118.6549979,33.35178568,13.609846
1317,118.6551083,33.35185416,13.609934
1318,118.6552192,33.35192425,13.610101
1319,118.6553304,33.35199585,13.61034
1320,118.655442,33.35206887,13.610653
1321,118.6555539,33.35214319,13.611036
1322,118.6556661,33.35221874,13.611452
1323,118.6557787,33.35229541,13.611818
1324,118.6558915,33.3523731,13.612068
1325,118.6560045,33.35245171,13.612199
1326,118.6561178,33.35253115,13.612243
1327,118.6562313,33.35261132,13.612239
1328,118.6563449,33.35269213,13.612211
1329,118.6564587,33.35277347,13.612171
1330,118.6565725,33.35285524,13.612077
1331,118.6542142,33.35138938,13.610395
1332,118.6543198,33.35144412,13.610401
1333,118.6544258,33.35150111,13.61042
1334,118.6545324,33.35156027,13.610429
1335,118.6546395,33.35162149,13.610334
1336,118.654747,33.35168469,13.610136
1337,118.6548549,33.35174978,13.610025
1338,118.6549633,33.35181665,13.610033
1339,118.6550721,33.35188521,13.610134
1340,118.6551812,33.35195535,13.610309
1341,118.6552907,33.35202699,13.610542
1342,118.6554006,33.35210003,13.610836
1343,118.6555107,33.35217438,13.611187
1344,118.6556211,33.35224992,13.611564
1345,118.6557318,33.35232657,13.611894
1346,118.6558427,33.35240424,13.612117
1347,118.6559538,33.35248282,13.612232
1348,118.6560651,33.35256222,13.612271
1349,118.6561766,33.35264234,13.612266
1350,118.6562882,33.35272309,13.612237
1351,118.6563999,33.35280437,13.612197
1352,118.6565118,33.35288609,13.612133
1353,118.653982,33.35131541,13.610394
1354,118.6540854,33.35136601,13.610393
1355,118.6541893,33.35141872,13.610394
1356,118.6542937,33.35147364,13.610397
1357,118.6543984,33.35153079,13.610408
1358,118.6545037,33.35159007,13.610409
1359,118.6546093,33.35165141,13.610344
1360,118.6547154,33.35171469,13.610217
1361,118.6548218,33.35177983,13.610145
1362,118.6549287,33.35184674,13.610174
1363,118.6550358,33.35191532,13.610293
1364,118.6551433,33.35198547,13.610476
1365,118.6552511,33.35205708,13.610708
1366,118.6553591,33.35213008,13.610986
1367,118.6554674,33.35220437,13.61131
1368,118.655576,33.35227985,13.611654
1369,118.6556848,33.35235643,13.611953
1370,118.6557938,33.352434,13.612153
1371,118.655903,33.35251248,13.612255
1372,118.6560124,33.35259177,13.612288
1373,118.6561219,33.35267177,13.612281
1374,118.6562315,33.35275239,13.612254
1375,118.6563413,33.35283354,13.612218
1376,118.6564511,33.35291512,13.612174
1377,118.6539591,33.35134388,13.610394
1378,118.6540615,33.35139468,13.610392
1379,118.6541643,33.35144757,13.610392
1380,118.6542674,33.35150263,13.610393
1381,118.654371,33.3515599,13.610395
1382,118.6544749,33.35161928,13.610389
1383,118.6545791,33.35168067,13.610345
1384,118.6546837,33.351744,13.610271
1385,118.6547887,33.35180915,13.610237
1386,118.6548939,33.35187604,13.610292
1387,118.6549994,33.35194458,13.610426
1388,118.6551052,33.35201468,13.610617
1389,118.6552113,33.35208622,13.610847
1390,118.6553176,33.35215913,13.611112
1391,118.6554241,33.35223331,13.611413
1392,118.6555309,33.35230866,13.611729
1393,118.6556378,33.3523851,13.612
1394,118.6557449,33.35246252,13.61218
1395,118.6558522,33.35254084,13.612268
1396,118.6559596,33.35261995,13.612295
1397,118.6560672,33.35269976,13.612288
1398,118.6561748,33.35278019,13.612264
1399,118.6562826,33.35286114,13.612233
1400,118.6563904,33.35294251,13.612204
1401,118.6538351,33.35132295,13.610396
1402,118.6539361,33.35137198,13.610394
1403,118.6540375,33.35142296,13.610392
1404,118.6541391,33.35147599,13.610391
1405,118.654241,33.35153118,13.610388
1406,118.6543433,33.35158852,13.610382
1407,118.6544459,33.35164795,13.61037
1408,118.6545487,33.35170937,13.61034
1409,118.6546519,33.35177268,13.610313
1410,118.6547553,33.35183781,13.610321
1411,118.654859,33.35190465,13.6104
1412,118.6549629,33.35197311,13.610547
1413,118.6550671,33.3520431,13.610742
1414,118.6551714,33.35211451,13.610968
1415,118.655276,33.35218728,13.611221
1416,118.6553807,33.35226129,13.611503
1417,118.6554857,33.35233647,13.611793
1418,118.6555907,33.35241271,13.612038
1419,118.655696,33.35248992,13.612198
1420,118.6558013,33.35256801,13.612274
1421,118.6559068,33.35264689,13.612296
1422,118.6560124,33.35272646,13.612288
1423,118.6561181,33.35280664,13.612267
1424,118.6562238,33.35288732,13.612243
1425,118.6563296,33.35296842,13.612224
1426,118.6538129,33.35135057,13.610396
1427,118.6539129,33.35139978,13.610394
1428,118.6540132,33.3514509,13.610392
1429,118.6541137,33.35150405,13.610389
1430,118.6542144,33.35155933,13.610384
1431,118.6543154,33.35161672,13.610371
1432,118.6544166,33.35167617,13.610352
1433,118.6545181,33.35173757,13.610333
1434,118.6546198,33.35180085,13.610356
1435,118.6547218,33.3518659,13.610408
1436,118.6548239,33.35193264,13.610511
1437,118.6549262,33.35200097,13.610666
1438,118.6550287,33.35207082,13.610859
1439,118.6551314,33.35214207,13.611079
1440,118.6552342,33.35221465,13.611321
1441,118.6553372,33.35228845,13.611584
1442,118.6554403,33.3523634,13.611848
1443,118.6555435,33.35243939,13.612069
1444,118.6556469,33.35251634,13.61221
1445,118.6557504,33.35259416,13.612276
1446,118.6558539,33.35267275,13.612293
1447,118.6559576,33.35275202,13.612286
1448,118.6560613,33.35283189,13.612268
1449,118.656165,33.35291226,13.612249
1450,118.6562689,33.35299304,13.612237
1451,118.6538894,33.35142732,13.610394
1452,118.6539886,33.35147857,13.610391
1453,118.654088,33.35153182,13.610388
1454,118.6541875,33.35158715,13.61038
1455,118.6542873,33.35164457,13.61036
1456,118.6543872,33.351704,13.610334
1457,118.6544873,33.35176536,13.610326
1458,118.6545875,33.35182857,13.610413
1459,118.654688,33.35189352,13.610508
1460,118.6547885,33.35196012,13.610631
1461,118.6548893,33.3520283,13.610788
1462,118.6549901,33.35209795,13.610976
1463,118.6550911,33.352169,13.611186
1464,118.6551922,33.35224134,13.611415
1465,118.6552934,33.35231489,13.611658
1466,118.6553947,33.35238956,13.611898
1467,118.6554962,33.35246526,13.612096
1468,118.6555977,33.35254191,13.61222
1469,118.6556992,33.35261941,13.612275
1470,118.6558009,33.35269766,13.612289
1471,118.6559026,33.35277659,13.612283
1472,118.6560043,33.3528561,13.612268
1473,118.6561062,33.35293611,13.612254
1474,118.656208,33.35301651,13.612247
1475,118.6538656,33.35145468,13.610393
1476,118.6539637,33.35150604,13.610391
1477,118.6540619,33.35155936,13.610387
1478,118.6541603,33.35161472,13.610377
1479,118.6542588,33.35167214,13.610352
1480,118.6543574,33.35173154,13.610319
1481,118.6544561,33.35179283,13.610312
1482,118.6545549,33.35185593,13.610489
1483,118.6546539,33.35192074,13.610627
1484,118.6547529,33.35198718,13.610763
1485,118.6548521,33.35205516,13.610916
1486,118.6549513,33.35212459,13.611094
1487,118.6550506,33.35219539,13.611291
1488,118.65515,33.35226746,13.611504
1489,118.6552494,33.35234072,13.611727
1490,118.655349,33.35241509,13.611942
1491,118.6554486,33.35249046,13.612117
1492,118.6555482,33.35256676,13.612226
1493,118.6556479,33.3526439,13.612274
1494,118.6557477,33.35272178,13.612286
1495,118.6558475,33.35280033,13.61228
1496,118.6559473,33.35287944,13.612268
1497,118.6560471,33.35295904,13.612257
1498,118.656147,33.35303903,13.612252
1499,118.6540355,33.35158673,13.610388
1500,118.6543272,33.35175884,13.610309
1501,118.6544246,33.35182004,13.610284
1502,118.654522,33.351883,13.610593
1503,118.6546195,33.35194765,13.610763
1504,118.654717,33.3520139,13.610899
1505,118.6548145,33.35208165,13.611044
1506,118.6549121,33.35215084,13.611209
1507,118.6550098,33.35222136,13.611392
1508,118.6551075,33.35229313,13.611587
1509,118.6552052,33.35236607,13.611788
1510,118.6553029,33.35244009,13.611979
1511,118.6554007,33.3525151,13.612134
1512,118.6554986,33.35259103,13.61223
1513,118.6555964,33.35266777,13.612273
1514,118.6556943,33.35274524,13.612284
1515,118.6557922,33.35282337,13.612279
1516,118.6558901,33.35290205,13.612268
1517,118.655988,33.35298121,13.612259
1518,118.6560859,33.35306076,13.612255
1519,118.6543927,33.35184707,13.61026
1520,118.6544886,33.35190989,13.610732
1521,118.6545846,33.35197435,13.610907
1522,118.6546806,33.35204038,13.611032
1523,118.6547766,33.35210789,13.611166
1524,118.6548726,33.3521768,13.611318
1525,118.6549686,33.35224701,13.611485
1526,118.6550646,33.35231846,13.611662
1527,118.6551606,33.35239106,13.611841
1528,118.6552566,33.35246471,13.612011
1529,118.6553526,33.35253933,13.612147
1530,118.6554486,33.35261485,13.612232
1531,118.6555446,33.35269116,13.612271
1532,118.6556406,33.3527682,13.612281
1533,118.6557366,33.35284587,13.612278
1534,118.6558326,33.35292409,13.612269
1535,118.6559286,33.35300278,13.612261
1536,118.6560246,33.35308186,13.612257
1537,118.6544548,33.35193666,13.611002
1538,118.6545494,33.35200091,13.611051
1539,118.6546439,33.3520667,13.611154
1540,118.6547383,33.35213394,13.611276
1541,118.6548327,33.35220256,13.611415
1542,118.6549271,33.35227246,13.611567
1543,118.6550214,33.35234356,13.611727
1544,118.6551157,33.35241579,13.611887
1545,118.6552099,33.35248905,13.612036
1546,118.6553042,33.35256326,13.612156
1547,118.6553984,33.35263835,13.612233
1548,118.6554925,33.35271421,13.612269
1549,118.6555867,33.3527908,13.61228
1550,118.6556809,33.352868,13.612278
1551,118.655775,33.35294574,13.612271
1552,118.6558691,33.35302393,13.612264
1553,118.6559632,33.3531025,13.612261
1554,118.6543274,33.35190093,13.6114
1555,118.6544205,33.35196339,13.611118
1556,118.6545136,33.35202743,13.611169
1557,118.6546066,33.35209298,13.611257
1558,118.6546995,33.35215994,13.611369
1559,118.6547923,33.35222824,13.611499
1560,118.6548851,33.3522978,13.611638
1561,118.6549777,33.35236854,13.611782
1562,118.6550703,33.35244038,13.611924
1563,118.6551629,33.35251323,13.612056
1564,118.6552554,33.35258701,13.612162
1565,118.6553478,33.35266165,13.612231
1566,118.6554402,33.35273707,13.612267
1567,118.6555325,33.35281316,13.612278
1568,118.6556248,33.35288987,13.612278
1569,118.6557171,33.35296712,13.612274
1570,118.6558093,33.3530448,13.612268
1571,118.6559015,33.35312285,13.612266
1572,118.6542939,33.35192792,13.6113
1573,118.6543857,33.35199019,13.611263
1574,118.6544773,33.352054,13.611265
1575,118.6545688,33.35211928,13.611341
1576,118.6546602,33.35218595,13.611447
1577,118.6547515,33.35225393,13.611568
1578,118.6548426,33.35232314,13.611697
1579,118.6549336,33.35239351,13.611828
1580,118.6550246,33.35246495,13.611955
1581,118.6551154,33.35253738,13.612071
1582,118.6552061,33.35261073,13.612165
1583,118.6552968,33.35268491,13.612228
1584,118.6553874,33.35275985,13.612264
1585,118.6554779,33.35283546,13.612277
1586,118.6555684,33.35291168,13.61228
1587,118.6556588,33.3529884,13.612278
1588,118.6557492,33.35306556,13.612274
1589,118.6558396,33.35314308,13.612274
1590,118.6543503,33.35201712,13.611315
1591,118.6544405,33.35208069,13.611335
1592,118.6545305,33.3521457,13.61141
1593,118.6546204,33.35221207,13.611512
1594,118.6547101,33.35227973,13.611628
1595,118.6547996,33.35234859,13.611748
1596,118.654889,33.35241858,13.611866
1597,118.6549783,33.35248961,13.611979
1598,118.6550674,33.35256163,13.612082
1599,118.6551565,33.35263453,13.612165
1600,118.6552454,33.35270825,13.612225
1601,118.6553343,33.35278271,13.612259
1602,118.655423,33.35285783,13.612276
1603,118.6555117,33.35293354,13.612282
1604,118.6556003,33.35300974,13.612283
1605,118.6556889,33.35308638,13.612282
1606,118.6557774,33.35316337,13.612286
1607,118.6543142,33.35204426,13.611341
1608,118.654403,33.3521076,13.611385
1609,118.6544916,33.35217235,13.611466
1610,118.6545799,33.35223841,13.611568
1611,118.6546681,33.35230574,13.611678
1612,118.6547561,33.35237424,13.61179
1613,118.6548439,33.35244386,13.611898
1614,118.6549315,33.35251449,13.612
1615,118.655019,33.35258608,13.61209
1616,118.6551063,33.35265854,13.612164
1617,118.6551936,33.3527318,13.612219
1618,118.6552807,33.35280578,13.612254
1619,118.6553677,33.35288041,13.612274
1620,118.6554546,33.35295561,13.612284
1621,118.6555414,33.35303131,13.612288
1622,118.6556282,33.35310742,13.612288
1623,118.6557149,33.35318387,13.612296
1624,118.6542774,33.35207171,13.611351
1625,118.6543648,33.35213481,13.611423
1626,118.6544519,33.35219929,13.611516
1627,118.6545388,33.35226507,13.611619
1628,118.6546255,33.35233207,13.611724
1629,118.6547119,33.35240023,13.611828
1630,118.6547981,33.35246946,13.611926
1631,118.6548842,33.35253969,13.612017
1632,118.65497,33.35261086,13.612096
1633,118.6550557,33.35268289,13.612161
1634,118.6551412,33.35275569,13.612211
1635,118.6552266,33.35282921,13.612247
1636,118.6553119,33.35290335,13.61227
1637,118.6553971,33.35297805,13.612285
1638,118.6554821,33.35305324,13.612295
1639,118.6555671,33.35312883,13.612292
1640,118.6556521,33.35320476,13.612293
1641,118.6542399,33.35209955,13.611344
1642,118.6543259,33.35216242,13.611452
1643,118.6544116,33.35222664,13.611564
1644,118.654497,33.35229212,13.611668
1645,118.6545822,33.35235881,13.611767
1646,118.6546671,33.35242662,13.611862
1647,118.6547517,33.35249549,13.611951
1648,118.6548362,33.35256534,13.612031
1649,118.6549204,33.35263611,13.6121
1650,118.6550045,33.35270771,13.612156
1651,118.6550883,33.35278006,13.612201
1652,118.6551721,33.35285312,13.612236
1653,118.6552556,33.35292679,13.612263
1654,118.6553391,33.35300101,13.612282
1655,118.6554224,33.3530757,13.612301
1656,118.6555057,33.35315079,13.612294
1657,118.6542016,33.35212786,13.611309
1658,118.6542862,33.3521905,13.611481
1659,118.6543705,33.35225446,13.611616
1660,118.6544545,33.35231968,13.611718
1661,118.6545382,33.35238605,13.61181
1662,118.6546216,33.35245355,13.611896
1663,118.6547047,33.35252207,13.611974
1664,118.6547876,33.35259155,13.612043
1665,118.6548702,33.35266192,13.612102
1666,118.6549526,33.35273311,13.612148
1667,118.6550349,33.35280505,13.612187
1668,118.655117,33.35287766,13.61222
1669,118.6551989,33.35295088,13.612248
1670,118.6552806,33.35302463,13.612271
1671,118.6553623,33.35309885,13.612309
1672,118.6554438,33.35317346,13.612299
1673,118.6542458,33.35221914,13.611588
1674,118.6543287,33.35228287,13.61168
1675,118.6544112,33.35234782,13.611773
1676,118.6544934,33.35241391,13.611854
1677,118.6545753,33.35248109,13.611928
1678,118.6546569,33.35254928,13.611995
1679,118.6547383,33.35261841,13.612054
1680,118.6548194,33.35268842,13.612103
1681,118.6549002,33.35275922,13.61214
1682,118.6549808,33.35283076,13.61217
1683,118.6550613,33.35290296,13.612196
1684,118.6551416,33.35297574,13.612221
1685,118.6552217,33.35304906,13.612237
1686,118.6553017,33.35312282,13.612305
1687,118.6542044,33.35224835,13.611544
1688,118.654286,33.35231187,13.611742
1689,118.6543671,33.35237657,13.61183
1690,118.6544479,33.3524424,13.611896
1691,118.6545283,33.35250929,13.611959
1692,118.6546084,33.35257717,13.612015
1693,118.6546883,33.35264597,13.612064
1694,118.6547678,33.35271563,13.612103
1695,118.6548471,33.35278607,13.612131
1696,118.6549262,33.35285723,13.612149
1697,118.655005,33.35292903,13.612163
1698,118.6550837,33.35300142,13.612174
1699,118.6551622,33.35307432,13.612164
1700,118.6542425,33.35234142,13.611896
1701,118.6543222,33.3524059,13.61189
1702,118.6544016,33.35247148,13.611935
1703,118.6544806,33.3525381,13.611986
1704,118.6545593,33.35260569,13.612034
1705,118.6546376,33.35267418,13.612075
1706,118.6547156,33.35274352,13.612105
1707,118.6547934,33.35281362,13.612123
1708,118.6548709,33.35288442,13.612129
1709,118.6549482,33.35295586,13.612127
1710,118.6550253,33.35302787,13.612122
1711,118.6551022,33.35310039,13.612116
1712,118.6541194,33.35230838,13.612026
1713,118.6541982,33.3523715,13.611908
1714,118.6542766,33.35243576,13.611926
1715,118.6543546,33.35250111,13.611968
1716,118.6544322,33.35256748,13.612011
1717,118.6545094,33.35263479,13.612051
1718,118.6545863,33.352703,13.612085
1719,118.6546628,33.35277202,13.612109
1720,118.6547391,33.3528418,13.61212
1721,118.6548151,33.35291227,13.612117
1722,118.6548909,33.35298337,13.612103
1723,118.6549664,33.35305502,13.612083
1724,118.6550418,33.35312716,13.612064
1725,118.6541533,33.35240205,13.611897
1726,118.6542303,33.35246611,13.611952
1727,118.6543069,33.35253124,13.611996
1728,118.6543831,33.35259736,13.612034
1729,118.6544589,33.35266443,13.612067
1730,118.6545343,33.35273236,13.612096
1731,118.6546094,33.35280109,13.612115
1732,118.6546842,33.35287057,13.612121
1733,118.6547587,33.35294073,13.612113
1734,118.654833,33.3530115,13.612097
1735,118.654907,33.35308282,13.612078
1736,118.6549808,33.35315461,13.612063
1737,118.6541076,33.35243303,13.611866
1738,118.6541833,33.3524969,13.611978
1739,118.6542585,33.35256183,13.612022
1740,118.6543333,33.35262772,13.612054
1741,118.6544077,33.35269454,13.612082
1742,118.6544817,33.35276221,13.612105
1743,118.6545554,33.35283068,13.612121
1744,118.6546287,33.35289988,13.612123
1745,118.6547018,33.35296973,13.612116
1746,118.6547746,33.35304018,13.612103
1747,118.6548471,33.35311118,13.612091
1748,118.6549195,33.35318265,13.61209
1749,118.6549916,33.35325454,13.612057
1750,118.6541356,33.35252809,13.612054
1751,118.6542095,33.35259281,13.612051
1752,118.6542829,33.3526585,13.612072
1753,118.654356,33.35272509,13.612095
1754,118.6544286,33.35279252,13.612113
1755,118.6545008,33.35286072,13.612125
1756,118.6545728,33.35292964,13.612127
1757,118.6546444,33.35299921,13.612121
1758,118.6547157,33.35306938,13.612111
1759,118.6547868,33.35314007,13.612102
1760,118.6548577,33.35321123,13.612098
1761,118.6549283,33.35328279,13.612084
1762,118.6549989,33.3533547,13.612093
1763,118.6540872,33.35255964,13.612045
1764,118.6541598,33.35262416,13.612068
1765,118.6542319,33.35268965,13.612088
1766,118.6543036,33.35275601,13.612104
1767,118.6543749,33.3528232,13.612119
1768,118.6544457,33.35289116,13.612128
1769,118.6545163,33.35295982,13.612129
1770,118.6545865,33.35302912,13.612124
1771,118.6546564,33.353099,13.612117
1772,118.654726,33.35316941,13.612109
1773,118.6547955,33.35324026,13.612104
1774,118.6548647,33.35331152,13.612098
1775,118.6549337,33.35338312,13.6121
1776,118.6540383,33.35259149,13.612024
1777,118.6541096,33.35265583,13.612084
1778,118.6541804,33.35272111,13.612102
1779,118.6542507,33.35278726,13.612113
1780,118.6543206,33.35285423,13.612123
1781,118.6543901,33.35292194,13.612129
1782,118.6544593,33.35299035,13.612129
1783,118.6545281,33.35305938,13.612125
1784,118.6545966,33.353129,13.61212
1785,118.6546649,33.35319913,13.612114
1786,118.6547329,33.3532697,13.612109
1787,118.6548007,33.35334066,13.612105
1788,118.6548683,33.35341196,13.612105
1789,118.6549358,33.35348353,13.612109
1790,118.6540588,33.35268776,13.612128
1791,118.6541283,33.35275285,13.612116
1792,118.6541973,33.35281879,13.612119
1793,118.6542659,33.35288553,13.612124
1794,118.654334,33.35295302,13.612128
1795,118.6544018,33.35302118,13.612129
1796,118.6544693,33.35308997,13.612125
1797,118.6545364,33.35315931,13.612121
1798,118.6546033,33.35322917,13.612116
1799,118.6546699,33.35329946,13.612112
1800,118.6547363,33.35337014,13.61211
1801,118.6548025,33.35344115,13.61211
1802,118.6548686,33.35351242,13.612113
1803,118.6540074,33.35271991,13.612124
1804,118.6540756,33.35278481,13.612121
1805,118.6541434,33.35285055,13.612122
1806,118.6542106,33.35291707,13.612125
1807,118.6542775,33.35298433,13.612128
1808,118.6543439,33.35305225,13.612128
1809,118.65441,33.35312079,13.612125
1810,118.6544758,33.35318988,13.612122
1811,118.6545413,33.35325947,13.612118
1812,118.6546066,33.35332949,13.612115
1813,118.6546716,33.35339989,13.612113
1814,118.6547364,33.35347061,13.612112
1815,118.6548011,33.3535416,13.612114
1816,118.6539555,33.35275225,13.61212
1817,118.6540225,33.35281695,13.612122
1818,118.6540889,33.35288249,13.612123
1819,118.6541549,33.3529488,13.612125
1820,118.6542205,33.35301582,13.612127
1821,118.6542856,33.35308351,13.612126
1822,118.6543504,33.3531518,13.612124
1823,118.6544148,33.35322064,13.612122
1824,118.654479,33.35328996,13.612119
1825,118.6545429,33.35335972,13.612116
1826,118.6546066,33.35342985,13.612115
1827,118.65467,33.35350029,13.612114
1828,118.6547334,33.35357099,13.612115
1829,118.6539032,33.35278469,13.612116
1830,118.6539689,33.35284921,13.612122
1831,118.654034,33.35291454,13.612123
1832,118.6540988,33.35298063,13.612125
1833,118.654163,33.35304744,13.612126
1834,118.6542269,33.35311489,13.612125
1835,118.6542903,33.35318294,13.612123
1836,118.6543535,33.35325152,13.612122
1837,118.6544163,33.35332059,13.612119
1838,118.6544789,33.35339008,13.612117
1839,118.6545412,33.35345994,13.612116
1840,118.6546034,33.3535301,13.612116
1841,118.6546654,33.35360052,13.612116
1842,118.6538503,33.35281722,13.612112
1843,118.6539148,33.35288154,13.612123
1844,118.6539787,33.35294668,13.612125
1845,118.6540422,33.35301256,13.612125
1846,118.6541052,33.35307913,13.612125
1847,118.6541678,33.35314635,13.612124
1848,118.65423,33.35321415,13.612123
1849,118.6542918,33.35328248,13.612122
1850,118.6543534,33.35335128,13.61212
1851,118.6544146,33.3534205,13.612118
1852,118.6544757,33.35349008,13.612117
1853,118.6545365,33.35355998,13.612117
1854,118.6545972,33.35363012,13.612117
1855,118.6546577,33.35370046,13.612118
1856,118.6538603,33.35291391,13.61213
1857,118.653923,33.35297884,13.612126
1858,118.6539852,33.35304449,13.612125
1859,118.654047,33.35311084,13.612125
1860,118.6541083,33.35317781,13.612123
1861,118.6541692,33.35324537,13.612123
1862,118.6542298,33.35331344,13.612122
1863,118.6542901,33.35338198,13.61212
1864,118.6543501,33.35345093,13.612119
1865,118.6544098,33.35352024,13.612118
1866,118.6544694,33.35358985,13.612118
1867,118.6545287,33.35365971,13.612118
1868,118.6538054,33.35294626,13.612128
1869,118.6538669,33.35301096,13.612126
1870,118.6539279,33.3530764,13.612125
1871,118.6539884,33.35314251,13.612124
1872,118.6540485,33.35320924,13.612123
1873,118.6541082,33.35327654,13.612123
1874,118.6541675,33.35334435,13.612121
1875,118.6542265,33.35341262,13.61212
1876,118.6542852,33.3534813,13.61212
1877,118.6543437,33.35355033,13.612119
1878,118.654402,33.35361965,13.612119
1879,118.6544601,33.35368922,13.612118
1880,118.6537501,33.35297854,13.612127
1881,118.6538104,33.35304302,13.612126
1882,118.6538702,33.35310822,13.612125
1883,118.6539295,33.35317408,13.612124
1884,118.6539884,33.35324056,13.612123
1885,118.6540468,33.3533076,13.612122
1886,118.6541049,33.35337514,13.612121
1887,118.6541627,33.35344314,13.612121
1888,118.6542202,33.35351153,13.61212
1889,118.6542774,33.35358027,13.61212
1890,118.6543344,33.35364931,13.612119
1891,118.6543913,33.35371858,13.612119
1892,118.6537536,33.35307494,13.612127
1893,118.6538122,33.3531399,13.612125
1894,118.6538703,33.35320552,13.612123
1895,118.6539279,33.35327173,13.612123
1896,118.6539852,33.35333849,13.612122
1897,118.6540421,33.35340575,13.612121
1898,118.6540986,33.35347347,13.612121
1899,118.6541549,33.35354157,13.61212
1900,118.6542109,33.35361,13.61212
1901,118.6542667,33.35367874,13.61212
1902,118.6543223,33.3537477,13.61212
1903,118.6536965,33.35310669,13.612127
1904,118.6537539,33.35317139,13.612124
1905,118.6538108,33.35323674,13.612123
1906,118.6538673,33.35330268,13.612123
1907,118.6539233,33.35336916,13.612122
1908,118.653979,33.35343613,13.612121
1909,118.6540343,33.35350354,13.612121
1910,118.6540894,33.35357134,13.612121
1911,118.6541442,33.35363947,13.612121
1912,118.6541987,33.35370789,13.612121
1913,118.6542531,33.35377654,13.612121
1914,118.6536953,33.35320264,13.612124
1915,118.653751,33.3532677,13.612123
1916,118.6538063,33.35333336,13.612122
1917,118.6538612,33.35339954,13.612121
1918,118.6539157,33.3534662,13.612121
1919,118.6539698,33.3535333,13.612121
1920,118.6540237,33.35360078,13.612121
1921,118.6540773,33.35366859,13.612121
1922,118.6541306,33.35373668,13.612122
1923,118.6541838,33.353805,13.612122
1924,118.6536365,33.35323359,13.612123
1925,118.6536911,33.35329836,13.612122
1926,118.6537452,33.35336371,13.612121
1927,118.6537989,33.35342957,13.612121
1928,118.6538522,33.35349591,13.612121
1929,118.6539052,33.35356269,13.612121
1930,118.6539578,33.35362983,13.612121
1931,118.6540102,33.3536973,13.612122
1932,118.6540624,33.35376505,13.612122
1933,118.6541144,33.35383301,13.612123
1934,118.6536308,33.35332865,13.612121
1935,118.6536838,33.35339367,13.61212
1936,118.6537364,33.3534592,13.61212
1937,118.6537885,33.35352521,13.612121
1938,118.6538403,33.35359163,13.612121
1939,118.6538918,33.35365842,13.612121
1940,118.653943,33.35372553,13.612122
1941,118.653994,33.3537929,13.612122
1942,118.6540449,33.35386051,13.612123
1943,118.6535704,33.35335851,13.612121
1944,118.6536223,33.35342319,13.612119
1945,118.6536737,33.35348837,13.61212
1946,118.6537247,33.353554,13.61212
1947,118.6537753,33.35362006,13.612121
1948,118.6538257,33.35368647,13.612121
1949,118.6538757,33.35375321,13.612122
1950,118.6539256,33.3538202,13.612122
1951,118.6539752,33.35388741,13.612123
1952,118.6535606,33.35345221,13.612118
1953,118.6536108,33.35351702,13.612119
1954,118.6536607,33.35358227,13.612119
1955,118.6537102,33.35364792,13.61212
1956,118.6537594,33.35371394,13.612121
1957,118.6538083,33.35378027,13.612122
1958,118.653857,33.35384685,13.612122
1959,118.6539055,33.35391365,13.612123
1960,118.6534987,33.35348068,13.612117
1961,118.6535479,33.35354507,13.612118
1962,118.6535966,33.35360993,13.612119
1963,118.653645,33.35367516,13.61212
1964,118.6536931,33.35374076,13.612121
1965,118.6537408,33.35380665,13.612122
1966,118.6537884,33.35387279,13.612122
1967,118.6538357,33.35393916,13.612123
1968,118.6534368,33.35350856,13.612116
1969,118.6534848,33.35357254,13.612117
1970,118.6535324,33.35363695,13.612119
1971,118.6535797,33.35370175,13.61212
1972,118.6536266,33.35376689,13.612121
1973,118.6536733,33.35383233,13.612122
1974,118.6537197,33.35389801,13.612122
1975,118.6533747,33.35353589,13.612116
1976,118.6534216,33.35359941,13.612117
1977,118.6534682,33.35366337,13.612119
1978,118.6535143,33.35372769,13.61212
1979,118.6535601,33.35379235,13.612121
1980,118.6536057,33.35385731,13.612122
1981,118.653651,33.3539225,13.612122
1982,118.6533126,33.35356265,13.612116
1983,118.6533584,33.3536257,13.612118
1984,118.6534038,33.35368916,13.612119
1985,118.6534489,33.35375299,13.612121
1986,118.6534936,33.35381715,13.612122
1987,118.653538,33.3538816,13.612122
1988,118.6535822,33.35394629,13.612122
1989,118.6532503,33.35358887,13.612116
1990,118.6532951,33.35365142,13.612118
1991,118.6533394,33.35371437,13.61212
1992,118.6533834,33.35377768,13.612121
1993,118.653427,33.35384132,13.612122
1994,118.6534704,33.35390523,13.612123
1995,118.6535135,33.35396937,13.612123
1996,118.653188,33.35361454,13.612117
1997,118.6532317,33.35367657,13.61212
1998,118.653275,33.35373898,13.612121
1999,118.6533179,33.35380175,13.612122
2000,118.6533604,33.35386484,13.612123
2001,118.6534027,33.35392819,13.612123
2002,118.6531683,33.35370116,13.612122
2003,118.6532106,33.35376303,13.612123
2004,118.6532524,33.35382524,13.612123
2005,118.6532939,33.35388775,13.612123
2006,118.653335,33.35395052,13.612124
2007,118.653105,33.35372522,13.612123
2008,118.6531461,33.35378651,13.612123
2009,118.6531869,33.35384813,13.612125
2010,118.6532273,33.35391006,13.612125
2011,118.6532674,33.35397223,13.612124
2012,118.6530416,33.35374875,13.612123
2013,118.6530817,33.35380944,13.612124
2014,118.6531214,33.35387046,13.612127
2015,118.6531608,33.35393176,13.612126
2016,118.653056,33.35389222,13.612131
2017,118.6529906,33.35391345,13.612133
